16721
2518
27017
17243
7443
9363
12678
15364
30072
14213
31375
22670
16683
22458
23112
6559
31112
26414
141
11821
5633
12955
11774
8175
22208
8594
29627
9233
8845
11467
8300
25644
31731
3770
32389
21365
20894
25186
18376
25653
11784
9326
29195
12665
2645
19070
14651
28938
18555
25791
2721
16799
6309
32190
13668
10578
19930
11390
1103
22609
26073
3272
9429
982
18504
4546
32594
27993
270
26307
25748
27140
31230
21094
13466
32359
30645
20445
25243
25197
24005
21128
31307
398
32275
26566
2649
19271
30589
11020
6204
26567
26560
16436
303
9452
29849
18455
27770
12141
28715
861
13044
27737
7329
6036
24518
1728
21268
10880
11889
1455
4527
18354
10771
32354
13585
17500
20966
14006
24818
5476
26377
19421
23562
19383
18307
12629
25390
10976
31365
7195
14269
3545
20975
11804
27962
3617
17686
30188
14906
8462
26820
5818
20609
8037
10369
11396
104
27432
9489
16519
11138
10159
23614
25082
19070
14330
32216
14075
2639
30534
4601
6602
17547
24542
21645
5685
22289
5172
27154
23379
7919
32304
20893
30069
6787
30920
14366
25690
30432
14289
4324
24994
3186
25109
5988
27525
3814
4517
7734
26565
29764
11889
20320
29409
22366
22293
16855
12172
22894
19446
2115
10845
18171
4238
7427
9672
1020
14084
20337
25165
832
2560
5735
14063
19725
2237
27650
3560
22792
26976
5797
6555
16212
5512
833
21962
1278
21798
5332
10505
1945
7055
3376
14963
19493
10959
29438
20379
13622
320
6402
18118
25682
17756
10913
343
19098
9168
24992
21130
11436
21457
18734
18021
7625
13747
12837
21740
13875
16312
15501
21909
2265
11558
6754
18171
7222
9116
28566
16086
27255
17061
29530
5675
11484
20878
13978
9664
30304
32629
13254
9939
24988
27043
3032
3083
21993
23580
5267
26287
10181
115
7176
11286
6264
28387
1375
28511
30967
21916
8916
25442
29704
10843
28928
14565
17319
6717
5978
11540
21928
11221
20989
23595
9119
18300
10412
11382
16893
6632
5907
25979
27259
1281
2639
18294
1468
4847
22449
14085
30765
8056
4287
20773
13873
11145
22652
31581
25467
3858
7658
17465
442
32023
24524
10234
29308
3589
23984
3468
20556
17474
23085
4024
25374
16135
21098
26267
13294
3954
20191
1367
931
25559
12640
16392
10553
32088
9303
3578
6943
9141
3921
15385
10206
2917
13500
9128
8700
25061
23790
14646
800
29776
12906
1998
19062
9264
13151
27759
6741
7827
23666
9659
22816
2402
28861
3059
22890
6895
792
1315
19805
20429
9367
2458
2396
13028
23636
19613
23015
27588
19566
23901
28863
1850
10321
21542
11595
11809
24632
24536
17467
15995
9713
18331
2667
31425
12000
13519
26378
17271
22343
22850
12539
3842
2757
17830
31611
5054
5660
1090
5637
22604
17975
19431
17266
7721
30827
24358
27749
23173
32765
27584
20710
12626
1252
32350
32077
9883
16337
24194
1634
31255
14189
26302
20674
24830
25313
11556
26501
4635
21916
4093
9757
22563
22608
31422
14721
7749
4926
30519
15500
11010
11700
24334
29599
32063
1748
16748
27534
32664
27542
20726
32698
1528
28177
28159
2938
18790
16886
8443
19136
22050
16989
6455
11769
8177
1220
968
9524
12469
7508
20162
9863
9536
30823
11434
29614
27754
27976
27693
25334
31841
28217
30737
12122
29249
31163
4973
5099
20453
12553
9749
13941
19452
14310
11609
9567
26719
16792
9455
27859
17058
28469
31789
1823
21224
25373
27515
11355
3324
11720
15881
17740
6046
30658
25533
1417
3611
3315
24432
28892
33
11556
25945
20459
9168
17855
15817
22552
28180
30934
16409
2725
1331
5479
31201
3868
16802
25823
22123
3310
12573
29148
23144
18522
20470
11319
18401
1680
27822
3650
15984
32023
27074
10062
11183
20588
20935
12145
8177
26092
29113
2182
23344
3315
28049
20596
9799
17222
789
26804
19553
6318
28404
5901
18610
30182
10258
9122
31845
19127
25889
6191
213
26466
8305
1168
27135
1342
3593
27779
3384
17058
14326
17070
8219
5637
13539
5348
17350
31844
11498
19876
20550
26341
8362
12002
29775
11193
9882
27146
32048
32326
4764
31043
23303
12934
15318
7665
13617
20394
21693
10365
8965
13828
2418
27992
23746
23587
22610
2877
30917
26432
22729
26295
2304
8921
25702
32484
11431
7067
22069
32632
27180
24965
21577
13316
25966
13643
22424
16505
17966
9464
26124
17128
25282
23512
13014
17035
781
10645
6406
4105
20398
1184
9304
31478
16760
3026
7249
153
9506
19284
17803
22515
1856
18620
19790
32508
7282
6776
4959
11568
31196
3696
17949
20298
12758
9191
1225
28752
10468
23714
31782
13263
14056
10573
12610
17768
26774
29978
28307
24971
29993
5291
1861
23427
15444
7218
25811
17587
24700
24791
4821
6431
20772
10586
15641
5422
22953
20985
21492
6318
2095
26516
19162
15128
219
32271
9517
29973
4419
17912
17747
834
6178
9577
12811
26160
5457
22576
17921
9136
30194
23342
32160
11597
28910
9981
22311
4121
1955
32214
30975
20909
32470
20657
4684
7787
25583
32685
10690
11526
29285
31155
20153
31557
28023
32598
24708
18435
16925
3326
24575
28283
1342
12358
32616
1730
8739
19618
25712
28565
19756
4933
20625
9557
3777
12866
9121
2640
31372
32497
27816
1090
26341
8084
31983
4892
14478
30778
12633
17667
5793
24292
26102
11164
6854
23271
18390
13959
20905
29585
31003
5929
8108
21007
15186
4527
24025
14990
5124
24399
17178
8353
8071
1489
28076
23267
1562
18511
8401
14813
18226
5433
2757
1578
20238
5531
9972
10712
2705
16803
4202
2322
27985
7774
22667
19964
7660
2242
13828
11231
15515
12785
8193
23942
30729
12476
10657
25320
25701
19558
12710
16903
18613
25771
14962
20247
22126
6913
32303
16355
32578
8478
4941
3693
23866
20666
13617
28372
24836
28822
1323
23675
14990
19133
22441
616
12244
30730
25003
746
22006
1258
23159
25215
24717
21347
25998
6644
31551
24150
22750
5070
24977
16897
13113
6377
10493
11719
22278
28767
28997
9012
23863
13995
28422
9788
5243
12303
1168
17091
180
6707
23797
2915
28331
16654
15712
30057
28674
23305
168
13856
21355
28770
28965
1363
27928
20943
29891
26893
17267
25189
16212
28323
29710
14519
32555
29940
25821
23362
14310
27632
5539
7177
16267
11607
9642
22396
4567
21187
25015
6814
28114
11497
28221
29799
29095
16412
25041
30311
10419
27155
25566
10413
16348
5355
9114
29927
21540
7023
15160
19659
3965
17048
21344
4021
2016
27728
6876
29585
5273
26491
26260
29947
3557
312
3516
4773
10942
15204
22092
22521
28918
19553
1456
31488
27523
19477
27073
4483
6938
12853
28149
8560
21759
2499
4306
4222
1051
32213
19881
14100
79
9113
20096
6760
28680
9622
31312
4580
26643
13364
13169
23501
15795
24447
23122
25894
16113
15912
26733
18642
17716
1484
14202
18938
22033
30841
18659
19886
18020
19311
8569
6095
5024
27427
3429
20268
26467
16522
24673
3307
31054
23443
1576
31531
17171
9974
30506
18151
15055
2348
25989
26909
1947
5822
13873
2864
25693
14787
6778
2700
9445
29348
23988
24456
4405
5667
15146
27536
2847
11420
20567
29315
12822
22154
32601
17242
31038
23116
21922
21515
25541
16170
19185
21676
23414
6547
27776
32220
21899
27816
18559
7775
14787
17663
11714
11272
16309
28832
5047
23516
13924
30804
16026
1396
27155
15904
29676
21923
7259
25868
21281
5209
17018
26152
9881
455
32238
30417
16593
3780
835
9265
14811
29808
25385
18437
8459
28439
27081
15011
30452
8280
2137
26171
914
23686
31982
8029
23753
26446
11410
26299
12558
25498
25495
30769
10853
31414
28715
19202
32139
32433
19244
26469
31092
3079
17213
13632
11000
28284
24089
10291
26825
19787
25639
27864
23464
25216
19023
31561
22232
16803
28173
13027
5331
29078
22467
25418
11325
24000
30548
26285
20758
25196
3822
12620
13875
30827
16423
31287
8943
17409
28492
24920
4382
2815
28917
14003
26434
22060
13789
18157
8962
16873
26865
20747
2007
16917
13223
2429
9737
23855
7313
20059
19930
8890
13362
28910
17152
24806
1040
14450
17497
23916
29706
538
15323
5562
6636
8789
10954
19024
10049
27472
9773
22890
26985
31932
30594
11487
4075
16593
13745
16201
11532
14995
27199
31846
9376
2388
5828
190
32032
17786
11935
31878
18173
6786
22760
15813
3636
16965
3750
9653
2595
17786
26946
3436
32666
9597
13628
23995
2358
21327
7453
24151
14826
6109
173
54
19935
20869
19557
10044
23934
10966
25895
14103
18123
11927
31789
26472
16628
23819
24384
8995
20009
9844
6442
30520
32687
28374
30317
21619
16432
32509
16949
10400
6230
1729
20364
4852
8600
5257
8909
14248
6995
9742
20315
30439
22044
13922
23954
2794
26965
27952
19710
20834
26366
21317
1739
17430
462
12367
21629
25805
22914
30181
12002
8302
24950
23496
31044
28006
5490
4457
31970
10570
28870
10411
14498
31165
23449
7657
22784
13461
638
8507
27722
4921
19528
1269
9999
13645
25120
30065
19669
13970
32212
24079
4362
23559
29298
8057
1085
7253
8982
31532
24974
1897
23552
22580
20579
20835
16873
17718
28253
1199
19351
23476
13707
8049
31152
26765
4829
8231
16588
32195
16603
17802
22989
20865
14998
1460
27763
3677
23263
136
18475
30938
31672
29007
7976
3633
10760
25503
30645
81
16787
12161
18378
13092
1320
210
28381
7956
1820
28138
506
15566
30200
24956
7702
24133
8559
23485
13473
6394
19347
20169
1626
9596
6728
6722
16487
22570
15608
27194
28581
5952
6792
32083
15933
29202
7051
5668
12152
15762
25782
7135
19924
23064
5524
11825
32599
1635
24443
12394
29731
25563
2239
4062
25419
4120
12325
18827
2533
30632
25755
29436
8288
17933
25894
19053
14872
5894
7451
4655
17192
19728
12434
15182
4223
12587
11544
9074
13879
16353
12964
27139
6178
18309
10445
8336
26789
15289
21561
23154
2505
25138
24665
24492
1167
15552
12627
1814
2692
21640
4672
31675
13718
19092
5016
29055
31270
20879
11754
3333
32606
29897
31953
719
20933
20610
9763
12711
9232
8036
16747
15422
4668
16721
21402
26132
6873
8031
13049
14231
17065
4385
26466
11663
5737
10025
23216
30649
32495
32458
28020
2738
7029
803
17386
2327
5685
16216
24363
18411
10038
9763
22179
29241
14693
29324
17862
4090
26087
1524
16895
29752
14766
26456
27881
22132
31050
18388
30402
6982
22274
12390
9501
4163
20260
15605
12758
7971
7833
2194
5707
15396
1980
12029
5833
5033
22893
1899
8773
15143
27744
31878
23117
26945
2747
9654
22334
31026
30177
1439
31926
15724
32392
4587
29260
25982
25362
26697
5247
31547
26650
21685
29165
15129
24397
3323
10438
19415
4219
17782
14463
6499
14573
798
7115
22266
5370
20162
16071
27793
10197
11665
9588
21364
13737
735
22123
9773
9192
16166
24012
26535
13280
75
31864
17811
19343
1827
22400
23051
16568
9782
15325
12405
23094
3523
19041
4523
31633
6404
8173
23385
11983
178
19941
26278
140
5836
14049
16918
25165
28565
9125
17070
1810
7132
9300
12378
28202
22655
4576
4493
4171
22322
17349
23079
25314
1149
19959
411
9640
28420
23320
17489
11894
13323
30447
5193
10074
5433
23830
32002
29418
7068
8178
32410
10968
27630
15336
9270
27847
12311
27342
22948
26973
14834
19360
17471
27034
17236
12917
8979
15976
28491
13489
31298
20083
28835
17787
3495
13882
31151
30322
28344
11879
22854
12443
8625
11355
26891
31134
7663
28942
12529
6451
11673
31254
25599
13015
28806
2309
6737
10179
1627
13560
27744
21790
9204
14957
21379
626
6150
32085
29621
5213
770
29035
12952
22409
17980
23747
16314
30685
28236
10406
29207
30709
7348
13469
7904
15568
13508
24524
19835
457
20411
15489
27851
18633
15407
8717
28081
6842
3247
4307
26323
11327
31142
7326
9628
15010
6786
20792
20612
13582
14870
17720
32401
1534
19005
20251
26653
4341
15041
4246
5339
14448
14203
19499
11029
24
4539
14587
17463
7997
22762
18651
27281
6016
26221
5289
9305
9167
24781
25313
12271
5015
31253
31851
21861
26164
28028
17335
28991
15021
68
16908
7287
26526
2530
7965
5573
20341
18271
14046
20509
17633
32254
16789
19064
5000
12575
16948
5335
249
28515
12006
9861
23009
31505
2024
27037
24449
20921
20634
8141
10591
22295
7894
1113
20284
10041
13440
20323
28487
21476
22366
32361
25744
4405
23338
1551
16831
5508
4582
20767
25606
12429
5744
12494
12884
24018
9558
8769
23756
22075
30699
3407
12405
25856
21915
24713
21299
968
20347
11895
31734
531
23076
12325
31537
15317
14786
20702
10126
9059
29800
10040
736
8851
16039
32593
11096
5919
5726
23127
27901
28235
32723
1870
1878
9160
6403
14605
31593
10199
30519
15754
30186
28850
728
14936
10668
15143
17796
4718
11867
16006
24161
22826
14189
22461
4274
30358
14166
28610
8360
24809
17147
8497
29306
3921
18794
24887
8120
2543
29640
12206
30428
15139
16778
4745
6434
26123
13545
24691
10905
26182
9103
7859
18554
7422
32663
30291
14777
12069
11444
1153
3547
30974
13744
2613
7687
23264
30233
16148
9311
17207
3127
19349
23953
6603
10048
11874
26792
28741
1487
4353
22825
7151
14483
20403
12123
7355
32068
14492
10982
30087
17884
17957
11167
22943
16387
22687
5283
21379
28875
13097
26019
18667
14493
16339
32382
9
21364
24323
16661
2574
10568
17944
1371
14063
718
12622
5035
30313
30302
27873
6495
19011
8500
31094
19358
11731
220
20406
11381
5827
232
1852
9769
29461
4324
25777
28876
18533
22156
4917
30223
22638
20540
3329
10071
28368
31655
30539
31251
15377
21708
30058
32332
25057
16678
14139
17277
5282
15139
18115
32678
30247
20952
22806
11420
3516
20723
9847
4003
359
9457
3520
24382
29806
20369
1797
31558
12057
136
10612
27450
29625
9846
18559
5846
9449
3097
27710
27879
8468
21952
10510
27741
30520
29443
6783
17314
22761
22706
1389
31274
28056
5899
25964
22604
27413
8240
26986
336
5971
21208
9103
29641
5996
7492
28776
25637
12260
19573
22853
9602
23090
23452
30175
5315
21372
22482
4414
14819
2211
11273
5594
5002
895
26946
1281
16606
15724
24321
32120
32156
31493
6142
5477
9319
5423
3870
2924
11104
21338
12449
4889
20214
15107
31645
16510
24320
30845
22443
22301
25097
17650
29408
8
746
28069
15359
11078
31903
24697
19692
8313
30803
25015
22884
702
4541
20236
30188
19413
30127
5073
19207
642
20204
12943
2220
12338
30011
1987
11767
23010
4793
10718
31007
61
13171
2704
5032
27396
29492
15686
20186
17331
15772
1778
1137
17250
21618
6922
28566
30697
4155
10707
4622
25671
3852
9183
31154
69
17820
22228
31263
23382
9885
18288
11950
26306
21581
27850
22695
11011
4168
12507
28081
27759
23968
23100
27277
792
2351
17201
15876
27121
3116
487
24606
18738
31997
26106
27029
32765
588
28474
16265
28993
31837
8623
10101
6111
22687
23259
22370
9739
17281
3134
22107
13301
11398
32544
16672
16809
20636
1418
18207
4148
16042
15510
29599
5641
2664
17384
5951
4771
8563
3709
26015
1387
30369
12452
7005
3035
30609
20297
16451
27364
135
5241
22974
18317
17015
19747
8594
21214
20320
5148
5325
27900
16604
11878
28409
917
11508
31922
26006
12158
23864
9763
14280
21915
31760
24661
26188
20224
11341
30878
10160
23637
16131
660
27844
26751
31643
20431
2380
24189
11812
5360
21751
5775
28650
24545
22677
7838
24138
17247
23428
25048
13252
23478
25963
29595
30546
4300
2091
404
13816
14689
1555
12584
31389
917
10324
27666
30745
18091
22964
24654
6543
8716
22918
14134
27901
3471
6873
18412
7185
16119
9200
18679
26431
2238
498
17713
22288
5649
9443
22496
6077
10267
14291
29731
13052
14470
18773
15248
7194
9535
22579
10267
16970
18810
6240
3385
7485
10231
1070
13382
26610
2691
3521
6180
32208
15041
1220
1062
3570
14378
1114
6700
6338
3923
32088
1039
27593
13934
12465
21567
4037
4884
11826
22954
23804
3394
11119
27360
10705
21409
18173
27765
18325
13578
3041
5799
16799
13129
18761
15937
4767
13089
4730
9408
17455
28049
31498
5043
11435
1622
25423
18280
16195
27569
26903
27844
8782
25450
20633
13939
32737
26901
31148
19778
17569
16788
13623
8136
16597
26589
3817
21836
24512
14078
24362
26595
26925
30046
14673
10713
331
9541
2583
14930
23227
16030
31307
11569
20200
13820
27080
27193
20631
29916
5797
1906
27839
10026
17579
8911
19866
518
30988
32525
29692
26567
7761
26590
6884
3392
9365
8519
31056
1091
29169
26183
22102
20324
14135
15033
9073
25343
31971
5243
4377
14205
31822
8144
20886
20690
6437
8963
32277
24394
3866
17742
20988
23942
10201
15609
12411
20417
3390
10438
10339
2137
3013
6285
27196
5514
22850
2340
25746
15484
13266
22401
31375
9600
27921
28451
2255
7574
13709
14254
11375
4404
15483
1493
103
9282
30633
4988
17690
2921
10164
17182
9772
2701
27771
12909
4756
15512
32211
24633
23282
2170
23677
27027
2594
26478
3925
8754
11281
24702
16587
3094
30415
23881
20631
29290
2534
15364
11689
11183
14315
17087
3167
18199
3666
22505
19707
10543
3974
9239
9812
23489
21306
257
26828
5369
249
22989
28033
14790
22789
24721
1480
24451
16222
15635
32471
4311
32033
6355
3521
23002
11283
11339
14248
24441
126
12661
2605
1563
25916
24462
14380
27525
7697
21530
28327
14330
25662
3368
30207
2727
12626
22743
29546
1343
11332
24089
24225
15075
27839
8887
32729
1604
2237
12949
2549
2827
8279
19512
9466
26233
23515
13957
31939
21322
4128
9163
10230
17632
32022
17924
31542
15773
23201
30808
7322
25745
10152
8675
27486
7765
28521
13752
4057
11574
30991
29734
18351
7318
5510
20794
16968
31632
32654
9348
8577
10971
526
1566
29345
16881
22699
31979
13198
20336
32410
25117
14401
30912
24498
7674
1143
15606
8134
8671
28073
24312
27697
17285
6463
15074
2994
23939
11009
2729
8315
22804
14286
24063
20612
1307
20624
18806
18469
24164
14703
4327
19172
11565
8517
20757
18060
7141
27986
27790
7295
11059
27954
16338
5452
10042
2827
24759
12932
540
19467
27916
21194
14268
13586
11389
23594
7881
26539
2486
24748
19192
2881
9932
28968
25744
22160
4312
4699
6444
19801
22245
2107
2492
1626
2060
27528
22990
3453
23773
15780
17420
13904
4097
28324
22533
29365
10782
2471
17712
475
17659
31590
22317
2924
2533
9997
1871
31496
28497
15690
18264
12275
31170
2467
27011
21770
1005
10764
18888
29948
21019
25785
7259
7862
29904
4145
1398
11807
16042
16804
24152
3334
20875
13694
19342
88
1787
9788
2161
21911
14279
1406
3056
1159
9966
19294
27279
6443
5054
20481
6576
31215
14139
25451
30737
24103
12480
6040
16279
2232
9705
28872
17482
6933
6575
28698
9376
5230
16085
11356
20222
20772
18820
27938
124
7807
1074
31765
8425
13987
11208
8334
8207
14528
22275
31076
14391
29066
27930
10498
14832
2025
28578
1980
17677
25073
7087
20579
4845
22036
9789
31510
13823
31894
6094
14940
29316
13634
2900
20080
5271
13660
21584
8924
26475
12758
20540
27209
12757
31174
26407
11414
23562
5400
32671
31527
8873
15232
27091
16256
31484
14259
1529
22546
3195
2775
10734
30548
25489
25656
2588
30998
16803
16700
10657
8723
11855
18841
5550
32197
11761
15301
28716
20093
16748
32175
3494
17330
4903
9644
10851
27289
30037
4020
31442
3319
5498
21198
6956
29236
2346
10953
8788
14000
6164
10797
23554
11610
26432
18545
28192
32638
27029
8302
28020
32478
14750
29460
9600
24069
16526
16988
6054
17112
20097
6269
30096
26478
2052
20323
6863
15649
19672
27741
18882
17893
31731
25622
12218
6105
14536
23238
29787
16156
5576
13481
22598
29154
18473
2737
9973
19143
18662
22392
32741
32099
1799
28792
15099
14622
3874
8062
27681
11845
19490
28764
18992
26974
17735
1758
32018
30905
32110
4352
5928
4168
22419
10590
15849
8112
9364
15852
17868
3744
15927
20199
17768
4962
21359
6668
25562
22448
18907
1543
26216
24520
22672
25134
16740
26563
16408
20079
12370
11042
17338
24455
6477
19114
18428
21365
16294
17522
14951
27183
2511
12858
9866
13971
24183
16894
7234
31648
23799
7371
19256
27110
29933
12242
30634
20795
8486
3003
11375
6832
18882
20027
20021
7876
4498
18921
29710
11223
4805
24653
10539
20705
20164
16954
31718
16483
21850
2654
32262
24478
26392
26136
6719
22020
5880
16521
25337
12524
12096
9198
15955
28553
23977
17709
4966
2845
27329
28077
23758
20330
142
14187
17511
5993
17524
20299
11348
16959
18520
12716
18758
29805
5894
5438
12794
31047
24528
30744
2052
22695
1400
773
7628
29922
5201
14111
15830
17659
25504
6560
30534
32535
26184
20980
5027
18225
28327
28179
6619
13839
27067
16653
647
19573
21897
4070
369
9880
30399
165
2131
981
4504
32680
26338
30371
10752
3898
11275
20679
3833
13672
11389
8135
13629
31760
21095
19872
9508
14138
6787
14779
32713
1451
25171
24094
24424
16312
27563
21728
5899
18521
14703
20959
5478
29822
10654
25781
28415
31910
28815
5863
21394
11437
22907
14944
29363
17893
28732
31774
5045
18281
30804
3884
25803
4270
21809
976
17773
4699
18352
7941
4093
347
9439
17963
9899
16432
27143
21246
18326
29322
20970
25541
27699
28440
20297
31691
14323
926
4265
2067
14880
16200
29015
7240
1800
14142
31658
31731
27742
31096
24712
17393
17629
8660
2091
18467
12078
17765
8229
31079
11276
10254
19106
26567
26534
28752
21230
13553
12869
19809
2871
2791
27694
17278
14227
27384
26826
4737
10821
26863
3332
27318
30012
9866
11507
25579
21724
9006
27833
27334
14337
13272
10411
6236
2369
14167
10418
10238
7538
23225
8944
32598
27500
515
20903
31924
28944
10533
8279
32674
27018
20780
13351
24510
14546
19898
21382
17865
12409
1715
28946
6907
4514
570
23993
665
28751
19164
26142
4554
23518
1546
24382
14759
28883
20173
26195
6033
14295
10421
22521
8135
30209
7955
17039
22071
21077
25703
22496
2453
29834
1564
8706
17579
273
2163
32639
27120
5714
32446
10931
11611
12089
29646
20597
24697
3825
13998
31226
17598
6639
24466
19957
22553
16435
8458
27907
20426
23754
14715
27975
13688
11928
6352
14673
23166
20052
3693
22085
5511
17876
4964
21817
32346
11403
1260
29662
7159
27984
25359
12387
14562
6496
26530
21654
20927
27815
2426
15437
21023
26427
16349
23300
5018
8234
6711
17607
21278
13685
14
15955
4230
32092
11576
6264
3182
23772
15948
23233
22598
26487
24918
343
11430
11315
32463
21027
31201
21477
28364
3379
26333
29871
3701
31839
12834
16072
18873
9772
10544
26235
27968
10224
10774
28531
21665
31543
25408
15669
18646
10854
17809
3310
8941
14494
23730
15471
1791
16611
425
630
19302
4222
7085
31791
24619
16543
25400
13306
19134
4935
23391
1391
2538
5989
30047
671
30215
22592
4728
16029
29042
7188
22526
8510
32058
30208
2477
10268
1564
12063
24125
14561
32178
19190
566
26818
5095
11022
15622
23881
9390
5601
27728
10840
11764
9467
18824
20843
25042
24153
11709
17949
10504
32021
18357
7150
10663
11589
30783
16707
9741
16160
18629
27566
18454
5474
12321
6512
11409
21234
6577
19516
17137
3010
25262
24894
21829
31991
16825
10844
19563
4171
19639
11452
1152
11951
4319
10374
17818
9780
28945
19947
13498
10027
15978
17254
20732
7307
16149
24897
20753
25492
5988
18012
29935
9906
18719
10794
8135
24484
15644
4092
20024
17629
2831
16258
15554
9771
29604
9870
21117
31894
16587
2076
9227
12683
83
7312
8907
24890
19643
1854
19535
7228
6213
17711
28177
27769
11851
31010
20833
8521
24278
14546
25506
9945
2157
16247
11958
27857
29739
10639
13751
8243
14357
7646
2536
15494
5034
1972
11243
14389
31419
18030
3380
20530
17020
30271
17853
14046
9436
13873
20987
10797
3602
3942
27922
13573
26744
24996
23365
8168
23197
30993
14512
21715
11157
12602
8249
14950
16788
18778
16068
19012
28348
19930
9894
26301
50
15124
30556
13227
17271
15708
11646
30361
30198
12865
12014
16939
21209
20240
26453
28858
13089
4250
2256
12862
29686
22583
17638
12657
5947
23051
4542
5169
21094
16520
20366
23334
32655
10548
25175
25766
9414
24237
5072
5845
1450
29674
20895
29969
29496
9411
7119
9357
19936
8116
14207
9275
28126
7390
31191
15344
26055
26190
16193
26307
21346
13698
25301
15542
12986
2601
18964
8088
26481
24107
22746
12073
28759
23273
24974
18560
31035
29638
26012
5290
16130
2534
14885
27284
31222
32054
25845
2090
16992
20140
17845
26305
9048
14288
24417
11954
20444
23419
22013
3656
11808
29662
29828
30685
11557
8647
20258
2879
6285
16672
21922
11865
24238
26296
27178
6415
31973
27463
20518
22633
1580
10156
1922
3316
30703
18040
26652
26725
20764
20144
4473
11904
8058
19407
695
15672
30523
14091
28354
24600
2260
1497
8395
29409
18700
435
1270
6005
24403
19737
10579
755
20054
14806
19216
9764
2768
21636
17389
13590
29859
18770
27631
20998
26151
1541
17241
24451
19906
15677
30936
15825
1465
12026
8190
30604
24133
23134
11249
8589
3562
31925
613
29202
31748
434
15047
21272
6563
18683
23995
29708
15512
25833
14537
7843
12496
13960
6739
21255
29665
2790
2507
28467
20195
7562
20515
26016
17025
9282
25732
18209
31055
18466
4418
9227
13407
12233
25872
2202
26127
32486
17520
6288
28452
28411
12142
3615
12829
25953
3982
8201
28865
10893
8707
4870
10235
9873
21025
31334
24039
18149
6165
27639
5677
29032
12244
11049
24718
10402
15441
3952
13756
17740
10995
10730
5743
26898
27462
28226
8373
3735
20209
25300
3977
23226
9704
7186
22696
4888
27362
1830
23712
24017
5134
18393
23850
11920
23553
11699
11705
1221
5875
1123
21075
24373
26668
17250
160
2229
27577
24788
14145
8754
10339
19375
24418
3573
24034
20766
11411
8229
845
28968
11987
14478
2517
26253
19182
10656
14259
26096
3338
4283
12127
22587
2428
938
30467
5184
16352
14189
5167
23452
13416
1083
4046
7905
13172
27335
30297
19700
29539
32451
10314
12723
2217
23202
3796
10203
24610
163
2257
8745
13223
19723
9212
20416
11486
23985
30304
24523
10838
4800
11280
10339
23251
3257
7449
13491
8934
19383
32693
32346
193
21495
2753
22032
25162
31639
7281
16269
8558
17822
14659
17575
6840
28221
30513
954
4642
3157
10539
32076
23083
27704
24260
25841
28969
1972
3116
31085
2273
16206
28254
10265
11349
14539
32666
32648
30685
1781
4118
13673
6009
32411
22257
17327
32614
23770
3944
24816
4847
8859
30284
22539
11654
18781
15283
782
16915
13621
15599
27991
1164
2066
6844
24825
20934
14918
32701
25441
18827
7234
11050
25913
20204
9633
5059
10636
25304
13673
14088
10283
3310
10125
26795
28496
18064
25526
13894
18562
7225
18754
13130
9400
30992
7309
16695
5057
20669
22896
10259
19171
7035
3848
4885
32451
22638
10425
17825
5252
2616
18546
7289
28211
25031
5682
12081
22115
2928
10443
9699
20244
21058
27622
5925
18394
3476
10055
568
32571
3297
2898
14722
4952
30166
26318
20798
1488
18600
27114
26227
14049
32427
6781
21026
7120
30497
23954
7364
13451
9807
14884
17908
1166
15063
14630
13416
4867
11585
1735
25125
13869
28123
14579
6387
11782
9411
24349
21263
21031
14402
16188
5153
22249
3419
25619
20077
28106
13988
24758
10317
17682
1365
27978
13791
10934
12447
16652
31483
22140
1855
19861
18792
8032
24402
16220
20303
8246
14443
26492
27119
3986
17379
29367
4243
20197
18288
4539
27585
29928
3577
30373
27829
22334
23209
19396
30990
22357
4675
1951
32454
30349
3765
16953
1127
30108
20719
28563
2428
817
1269
9075
19270
15831
3123
16996
16817
3356
530
17406
26758
5619
28360
27239
10466
20056
7284
4890
30439
29746
17002
1255
30641
27517
31435
24379
17292
18344
13914
3746
6244
1084
8842
27274
4221
12479
13788
24650
12644
5080
22119
20323
26405
2484
20152
31493
16318
8615
1245
13525
31444
16151
10173
9453
16805
16790
18091
21284
6974
30798
1850
21904
28909
25762
27986
18506
14074
4114
27011
29297
3474
31071
8602
15474
28164
23792
10098
23430
14384
23669
4621
22140
13371
18890
11491
18360
23688
6430
12666
124
996
15956
16183
29030
11265
31145
1396
31802
8230
22424
21459
4834
10276
26619
1233
18355
26508
28786
30366
13042
15647
7688
1580
20887
13958
31252
16517
16720
27716
9822
15971
32201
23016
9347
24058
811
1671
11419
20249
31203
4457
22296
9585
20388
30467
7665
25908
25007
8741
30977
15843
7250
7541
6570
26465
13230
31004
2493
21835
22974
14527
12702
13452
5525
23985
2467
26411
8167
24935
31422
29288
26827
13356
12892
4872
10943
5141
28044
27629
12013
20536
32612
745
9901
19481
5792
32724
15946
22373
1677
25052
19721
11747
5926
7965
18023
13223
8316
25202
20643
16777
30043
23434
9340
5589
24874
21822
6716
15684
15635
1569
2037
2091
24676
20313
21771
24563
28725
23982
26354
4297
21068
24801
19257
23446
18237
19775
17096
25650
28629
23413
4710
20437
16825
15014
15486
10190
12107
10427
2082
21623
1741
25851
31056
17512
19657
12507
7796
5099
5552
21271
22319
18608
8897
20737
30807
30146
17964
21017
28991
23482
21112
25055
22072
22835
6434
997
29783
16253
15495
20008
21113
24470
22787
32160
17285
25429
18779
14614
28145
18153
2648
30262
27784
1666
437
13541
27754
21582
11324
1237
27732
27303
30507
2390
289
20107
18652
28527
17297
5708
31909
2605
19274
2184
22014
2363
23324
10076
12001
32179
8841
31701
25975
8500
14469
13735
19696
4917
13178
29474
9650
152
655
17761
24759
27010
27690
17605
12848
31083
21939
18850
14191
9585
14492
7479
13315
1266
26782
14052
10789
6233
3909
22935
21075
29240
174
9608
13882
30360
19856
29222
29401
9357
13945
1104
26084
7693
25690
29897
19046
25089
2630
23270
2219
27805
21623
3978
15709
12781
18578
7252
15341
9905
31531
11031
4148
19307
16012
2443
17243
28086
11954
5442
26616
5081
16025
9181
12665
18076
10938
15231
6854
11611
29905
12162
24610
12376
19683
30057
20562
5461
2944
17942
14594
19043
8518
24382
29284
21237
8102
31001
19994
2872
16107
17502
27990
13735
1399
1134
16960
1754
29776
6607
16536
9118
23772
4317
412
17739
17385
2236
24364
30802
30192
1681
18988
10518
12443
2290
24618
29437
1412
28571
1088
26054
23104
2914
32572
13597
10652
27245
27391
1644
27174
13474
27939
20725
15856
11359
1249
1054
20368
10091
28721
26635
107
5165
27698
27762
19508
24348
21709
22955
1455
19575
26517
6151
20667
6710
11762
355
32143
32320
21119
28925
10564
21726
26032
1414
18324
4976
21944
18808
31201
21343
7594
13737
22392
2386
28638
16929
2840
15525
24470
31016
27054
21271
19937
16548
26211
17602
7616
19874
2008
19537
29576
30259
17072
26477
903
21881
23888
15224
13290
30209
16610
12926
5598
30291
23456
25704
31222
23496
30799
8307
9165
1948
12041
10977
24812
580
21312
751
1774
4354
768
17670
7394
18870
15220
32053
13296
6391
5804
32223
13120
28258
5789
3761
6935
818
8554
2007
835
28434
4834
11632
22714
32559
1865
24383
7806
912
17243
28835
13763
1706
23950
15561
29012
9007
3224
19232
30771
27688
16177
6157
15231
6979
24858
21985
923
31086
29022
14856
22669
13732
19928
10882
18852
7687
22517
24472
22622
28464
22203
19911
2696
11715
14858
27649
26535
15942
8994
10773
26007
12083
22118
11115
2162
26955
31328
6644
14772
14894
18436
9569
6812
27945
4153
659
21973
26191
14997
32595
13397
29643
8552
32324
31110
18804
28413
28437
19107
23202
24604
5883
9573
1600
4051
15711
10720
18723
12407
4308
15271
27290
21989
22603
15927
22343
13581
17546
28819
7725
31922
30170
11307
17417
11115
2560
2818
24806
1774
18031
14608
15340
6285
12988
29926
22905
21249
14162
912
12147
17767
5223
7103
29660
32648
17711
3112
14758
2909
9039
8487
20425
8147
24212
3496
5780
28875
7397
23367
16192
16485
22134
9654
10699
5502
16959
9567
21764
15223
26285
19787
5346
28472
8855
67
793
23925
17011
8501
24047
22064
30154
729
18764
22912
14569
31379
9745
24976
1754
6812
29611
3562
26514
22365
28648
5110
11884
7195
26889
6333
31958
4825
30232
22515
23882
9082
2428
15413
2689
28199
4554
19599
14051
17648
7390
4929
26689
26806
12587
25027
15302
3400
20815
5638
9771
26828
24042
17661
1067
21089
18865
28252
3895
13314
21438
7584
2666
21421
15402
7247
15295
14277
9950
6529
1410
10934
8358
27295
13316
8663
31368
18795
21395
2964
28499
13120
8873
18636
18298
19867
29796
21880
28451
29659
5942
25742
12924
21061
5086
29477
5198
12875
22679
5849
29396
23566
9359
2929
28365
12577
18330
17343
18640
25744
2600
456
10464
29729
20853
14885
1088
18137
21503
18089
5512
5314
29245
11332
6905
31724
1934
30759
20238
26290
18288
30761
20307
10046
31474
21098
25978
27728
12908
16438
26284
29498
16237
28716
7453
6960
2805
21407
28643
15806
7140
23356
15624
28826
25011
26349
6622
5276
5986
27902
28050
22027
21169
7295
6660
538
5011
32489
9942
21938
26592
23812
8900
10610
30538
27399
12083
7925
2962
1
27148
13139
26876
23673
10698
23274
2816
17489
16338
2654
6466
28657
13571
20702
10436
6305
13455
26537
7514
9269
6409
23249
16223
13296
20415
12095
22951
6819
1609
10744
29620
32277
22114
7327
31789
10151
25591
23354
30603
18488
8574
16185
1814
13127
11913
23476
23568
21847
1179
18164
27440
27032
26170
7477
29778
12995
17477
8362
12908
15174
3464
6850
18372
24737
7310
25258
14944
11792
14262
11539
5310
19050
22409
2357
32454
32073
10059
12051
25341
3947
29648
769
29691
2648
31890
29284
9759
6981
23296
3514
29057
7481
29720
986
28712
3694
10295
25212
11390
29946
13616
16379
13312
30382
32412
12890
16954
10303
12402
14214
6131
22435
28632
29402
21157
21950
3640
25576
22576
830
29333
31351
10958
9412
11552
11208
14666
16964
26886
27934
32621
5550
12429
14204
2746
19662
14175
30897
14171
8817
7973
5522
14682
4809
27224
24967
17940
12050
4436
12105
29163
21622
28079
24297
5692
18990
28616
3349
21393
2795
21155
18327
1047
15732
16884
27422
12882
8336
9849
3649
26639
28198
3213
7617
27034
31139
22779
3598
12594
3484
16400
17933
16058
19637
13044
10009
4017
6593
14138
22088
21348
19242
23733
10991
12130
11667
17805
26216
10289
6589
29843
6418
575
8615
21970
22682
12059
6394
13670
11129
6885
31907
6290
19902
28164
32194
11532
13070
5910
13251
17051
27113
12589
14794
740
17454
6712
15189
23425
26850
19903
13341
20052
13101
22484
26429
7195
677
29766
20885
32068
24784
11799
7025
23810
8163
4912
19814
19104
22224
20564
19581
5398
24192
18771
24980
17626
13405
384
20480
26616
26132
26724
16247
25701
27289
24244
32046
17552
3179
1921
22590
12859
18713
14767
7500
5001
18949
9640
30057
32344
23144
849
11319
30160
32406
23614
8525
9788
4228
17954
26845
4889
1415
8585
24468
27501
16734
12489
13762
30811
6771
6965
13755
23027
29534
12437
18813
1615
3499
211
915
16091
31197
7159
12089
28660
18610
3669
11200
11957
25001
27909
5940
18701
8898
1684
3133
7189
11653
3065
30531
9377
1349
17867
18133
32278
25254
10673
31564
17275
24669
25625
22955
1746
25911
10797
17866
21160
28509
26626
1972
27115
9430
7955
77
14844
19789
2287
4408
13061
6421
21038
15351
31373
22890
425
15444
11337
3578
24555
8704
7477
27556
29410
11643
21732
16511
25050
29747
12564
22814
21933
4080
26502
19218
10547
23919
23053
18609
32256
3661
28900
25110
2383
4648
28484
22377
11577
6912
30262
24673
12843
16611
10663
3334
13462
2249
11194
9148
6888
21181
25186
8317
10172
29501
15151
14694
31821
31716
24936
3189
7985
30534
6747
23185
23364
7196
15345
29642
2786
15265
29061
14563
9049
28475
17142
22029
5277
18782
4603
6902
20798
3501
439
5122
4760
13411
31886
18648
11594
15602
19510
17441
2537
5098
30737
18572
5621
4123
23994
22294
16651
19198
14302
27272
23133
22609
1869
3137
25184
8450
4688
9781
9412
25934
28222
13878
11945
10794
18250
18035
29968
5602
23199
20286
16271
0
22191
26130
11082
14447
5575
24020
23070
18912
26343
15449
8735
15213
22738
10537
20805
5500
15201
14722
22882
11751
19228
15776
30807
32602
15115
29500
12424
4092
4298
16723
9613
11089
1756
24872
12587
29535
26945
6284
17538
3343
8267
26973
27015
27607
23981
23117
30901
150
8149
15588
22272
20415
32636
5321
20491
12986
31611
1085
24730
18567
14048
25064
1354
22949
23873
23512
24960
13106
8528
19399
21151
15699
2480
8348
17278
20694
7
309
21529
4118
22101
3172
10630
18207
13956
23095
31275
5907
12352
8829
10799
28877
22792
11397
3118
8899
12933
27689
6705
32305
19227
28683
15069
22388
19647
1311
26346
26035
28168
13162
17111
17861
31112
30729
220
9295
24412
24692
7969
21293
1282
27396
22061
19988
18283
20659
19361
29301
25425
7204
23846
28324
14283
12771
6052
11321
5919
11757
11957
14775
6615
14963
2137
30571
10263
17371
12523
2967
11565
11784
19283
25040
10602
28379
20862
14757
5680
12793
14603
2177
20557
27087
20551
13011
31879
29140
26460
24683
6776
9742
6597
28711
14749
5080
19461
20176
1193
10210
12697
13631
5919
32121
28459
4548
20767
13065
11528
8392
7552
26592
11732
30896
24096
18228
15741
3333
29304
17512
3181
27858
3188
27787
19204
16462
18305
28962
6469
18875
13799
20519
7887
28046
22617
15697
24335
1488
13258
12438
7605
1220
31107
15855
26468
10954
30067
6747
4782
21379
14022
29222
19775
7734
9913
29803
2392
30067
428
14296
24448
14838
26232
23729
14454
5325
28676
4119
21353
13502
3347
21643
31851
31459
2656
13230
1828
23191
749
15690
25027
28822
10904
30614
21562
5471
9967
9398
16299
28381
27205
386
29213
17735
17670
24968
25204
8005
8519
19540
26784
26964
7329
32751
17940
11371
29760
31909
4730
6111
30519
32267
24741
25220
29462
1345
12231
18197
20159
22645
31972
8149
18293
7080
2182
25975
1078
26293
9395
5435
29515
31887
7964
16987
9757
1994
7063
22181
8010
93
29391
18025
18168
7846
26938
15253
31082
32686
21068
31775
25553
24239
29675
4003
9060
2003
15906
26702
23218
26687
11033
4858
12599
24400
23365
12954
28974
13604
16860
19161
14247
23133
30092
7678
27353
21793
31084
8723
27321
32613
4659
20806
12236
31340
31656
22927
19513
31626
4697
28563
802
22062
17808
18633
27188
26400
25987
219
18813
17670
8651
28239
11646
23085
19479
10854
24450
19334
13090
20548
14382
20719
10722
14162
88
25268
3843
11489
21533
24662
26771
28944
15405
5259
26623
31471
29034
14981
27198
18404
32434
26743
18508
14926
13560
854
3034
19305
9626
8157
23620
5234
5870
29907
14275
29451
10014
17040
19684
19680
4407
21438
2104
13963
18556
31581
10829
437
24064
13321
31198
30334
25716
17536
26183
15391
17981
3423
11835
13518
16842
25644
24249
20707
36
8089
15932
7480
31174
14599
30771
4309
7600
10058
7344
24013
28343
22188
18532
18787
2847
25140
2251
20337
21099
29224
20644
5387
7540
25552
4260
28255
15545
7805
18539
31711
12534
14794
9143
8867
20984
22818
30680
25608
22447
24706
13668
22686
31109
26240
8747
21057
6126
1933
28525
27013
9280
32375
75
31320
15046
9778
29820
21474
8975
18647
19265
8112
10892
24557
12955
17426
3419
10728
22203
17857
24925
14575
17850
27845
14222
24290
15242
12438
26518
6812
27181
12162
14747
27253
4644
13646
25178
10251
32555
5408
1398
20803
15651
23197
12815
25226
6480
5710
3479
9825
17348
18760
8417
7704
9499
13324
31611
26585
15465
3244
8510
17897
6513
24623
30243
11051
18200
9015
7257
28902
14873
13793
30868
6599
6137
24301
20647
17962
27198
543
14421
15765
4572
5604
16484
12677
3824
7225
7156
7534
28848
8905
12303
26621
418
3669
16769
10656
1037
13657
13546
15432
4782
3565
5393
30830
31147
29417
21371
17236
7117
17484
30525
21133
14313
26335
11790
18623
8863
26389
29600
4008
18503
17206
17201
4959
2857
8380
1885
17116
20972
28926
15414
31163
23122
18699
30614
14141
9250
28889
19380
18064
2149
28063
14326
15440
20692
2943
7174
27981
25490
10856
24872
17039
22295
21051
19915
3735
620
21036
14173
18408
23966
28524
1636
19654
18029
26373
16587
5182
32068
18181
3705
28774
28270
25310
27689
17894
7046
26381
117
23735
14639
20474
18227
11819
21766
18463
1797
21550
6101
12653
17708
32203
30730
24043
11165
3314
28775
15265
5463
16760
3834
30644
13555
5471
28752
23762
2429
11864
31462
28880
5506
2182
28384
5522
3178
16005
7677
12588
27144
4779
24523
8518
10352
7565
5655
32197
2057
17861
21928
28328
7651
25843
1837
6447
7242
15874
5235
26691
2459
10413
30171
13330
22870
5697
13324
3322
7029
21412
12773
11688
13820
11414
21173
22657
23762
21559
20655
9280
15311
14025
22424
31713
1814
6328
14275
21951
26021
9943
17727
26105
27178
23533
14159
20505
3608
24432
7194
7160
25339
16784
13476
29148
28169
14456
19709
25060
25081
17104
25785
15014
11032
21382
15263
13078
409
27342
5798
27562
30252
16487
20765
2747
11475
25376
3625
30767
14833
29084
7796
31829
21924
20562
28196
17936
22869
215
3850
7224
15246
32352
13084
15933
32267
17283
11046
14349
16915
23869
15804
11576
30473
12089
27251
24402
22334
19791
27985
29594
9993
3660
5761
15320
27162
15345
19019
1676
779
1086
15684
14916
28984
4080
16578
16462
8401
25160
13203
655
301
26126
27375
179
21857
19414
10154
16519
29458
7554
27566
7586
25479
11016
17321
15435
6914
13429
22787
9111
14929
30002
24595
17106
3744
29830
13970
26144
17297
16221
18000
24164
31631
28488
37
24673
16991
8900
811
24352
3575
19135
17450
26001
16788
29016
18772
13172
26375
24039
20019
8570
4687
14909
25567
4264
9069
7469
24948
26877
23156
7755
14531
27476
29152
22259
840
23180
13096
29837
23389
16357
14743
16400
21932
20141
22359
16069
12010
11037
20687
20558
451
6270
25135
28134
6416
21135
17224
28394
12880
5675
7586
30361
17494
7463
10440
28440
7743
4474
24807
13752
29351
15264
2967
23676
8989
28736
32505
9430
24531
268
24322
6066
28570
13544
17686
24245
13326
2895
1497
17095
15886
20211
2370
29647
1648
15268
26865
32189
7922
15219
18626
3790
28531
32535
7586
29451
21347
30096
22177
26900
11128
26378
7241
13339
14242
14083
6702
3891
19778
4528
1735
26059
15767
2205
23932
30069
120
25237
32512
15597
30537
8897
11233
23638
23592
2835
3422
19142
12647
7654
16504
1285
17727
25310
5964
6546
7618
29462
1183
13799
24850
4218
26043
6398
3537
19569
7802
3860
6104
448
15264
23213
15660
9643
3949
11992
10029
13404
31859
7860
11281
15497
25254
9779
17553
20050
25266
12318
2530
20840
27537
15706
20455
1652
18012
4457
12197
14263
5217
2099
5623
23789
29559
30983
10883
13944
15502
19165
8940
9146
4234
7646
22090
14531
10066
11814
9431
22316
5411
21448
2026
20034
31275
17426
24106
18024
20563
30739
18427
31670
19292
23643
10301
3046
32557
11778
7478
23409
16491
10476
1484
22005
29515
27466
26360
3546
15524
12900
17783
32565
18761
21655
18371
31212
8085
7321
13377
30492
12103
27141
8124
23991
5008
15123
24594
31346
15211
934
5933
11998
27693
30093
27189
7124
21085
7682
14596
19223
5317
31863
27099
7221
7625
30355
7507
30894
3832
19831
24214
4952
4833
30789
9166
14082
296
2019
13022
26712
2265
30716
15953
24327
21755
4424
20111
6689
24425
16654
19287
5058
26077
2535
14697
22516
13646
29124
131
720
16252
4402
19855
27110
11977
10205
25883
29919
27722
23123
31241
26977
19486
32011
23688
11827
21502
4262
5443
18850
20502
21364
16600
7971
10771
3130
16267
12345
13950
29235
3388
25753
27720
22100
21910
7565
15014
29140
6282
6294
28959
32236
29435
25941
28130
30940
24507
29355
1630
15406
1207
30496
24077
18494
24686
14465
8080
26874
27560
30413
19457
6119
868
32339
5253
16229
12050
9492
29216
17203
5890
14190
28622
29237
16157
6140
23247
17781
22995
5816
19778
4201
18260
17250
18165
1652
5379
16166
18556
14766
4391
20857
9344
30440
18148
17476
31578
8939
30315
19268
5344
32001
23917
31408
3199
27319
25557
4381
907
12512
182
6304
19922
15837
27522
9010
19575
26908
28030
9816
27390
19423
26482
14851
29347
5951
24485
16052
10224
2928
11272
12005
26254
29766
3250
8101
12124
20216
19084
13442
23742
32037
11854
2731
28984
10516
25514
24406
13371
16192
7366
30048
4414
8468
2544
32307
27921
29939
31118
2541
25966
14203
13395
17087
11986
29195
27065
30610
1162
14978
16555
14833
24337
24650
24705
4899
25753
27286
1586
5271
18408
19431
31173
18310
2405
28373
30729
16339
20083
12
25734
22070
17149
6549
22451
19865
14674
13143
23914
26562
31796
31965
30616
11571
1835
1113
14649
27726
6432
20201
3460
13245
21798
17946
32610
19473
26011
7851
5413
29865
21872
7315
5239
26582
5061
22596
17040
27196
21945
26930
29869
27004
19072
6543
1213
28176
21942
1881
32349
25718
17394
22167
6150
400
11679
22752
19589
17995
31751
19996
10412
26239
17585
8847
8520
5910
28397
19987
1363
1905
22445
14500
24682
2567
26518
18466
24961
12367
20311
31571
6613
24033
24122
13864
10274
5848
9976
9025
9238
3450
26322
20146
24070
13083
25309
24072
18145
20542
12190
2439
5218
26622
5846
15030
30089
27308
3999
29726
27467
31674
31928
26190
6537
20183
9502
22050
9279
24668
6876
14405
27902
3303
1059
9717
17564
19525
31389
3846
25898
5014
29951
19754
18470
8875
28382
31855
11506
16563
17091
15625
25477
11287
27265
16978
12129
16802
6598
21263
22212
7909
26353
7925
12835
17370
30243
3436
20436
30663
23193
27026
11
30053
8761
3971
23815
8770
16234
32472
9101
21860
17705
30317
28566
28975
10586
32104
12613
21641
347
32118
28187
26427
27871
21080
8814
17818
8954
29343
22295
20328
21880
5555
16236
7669
24179
31514
29550
9609
27685
14071
6723
1542
7930
10193
6374
20170
19945
31126
6429
14803
25861
23008
31915
8742
4687
16758
4295
14705
13519
30486
5582
16623
16867
12146
28469
18828
5334
28280
4033
16202
23732
3542
30202
17379
7261
3262
19677
7344
28889
3302
1233
14281
4587
8404
30940
3182
16617
20312
29719
23205
6602
28762
11103
3621
31361
18133
32590
18547
29834
31780
6761
22091
31938
24701
16283
5185
19835
5307
23779
1704
11984
352
13897
10419
6454
16090
15638
14042
26196
21253
26436
30847
1045
26610
6964
19666
24059
24551
927
32498
28854
27302
24527
9557
15349
32754
9231
4201
1660
25424
32352
3195
10358
5387
4973
31449
20493
21626
1985
1587
29753
6021
10552
30279
27093
7014
19635
26302
20216
29357
13328
25936
16514
13447
4186
15151
3573
12607
29756
26019
24455
20485
19132
497
629
31215
9766
12418
20377
13885
31557
13121
24639
23521
7385
19269
1333
31807
2886
6576
13345
27441
27786
2007
24343
2126
16497
31395
27243
11628
9484
21815
13508
26211
16223
3794
25970
22036
7258
24567
29954
27818
7691
19148
9231
21280
18705
705
21595
12292
1620
30577
30750
10618
11507
1741
2973
18563
26750
6775
19711
8575
20326
13420
9820
26097
15793
12006
32280
17283
18418
13185
24943
13386
23161
11676
15696
9290
22727
15362
6511
4157
20805
26058
2454
400
6453
5755
18747
2991
25832
9588
13656
11906
12337
27787
6263
16951
2843
12789
32012
20547
7895
26982
31240
32163
32504
4216
11691
27240
6883
10833
23194
10866
25472
7808
23345
15228
31030
32553
24346
7257
30231
31330
10015
27004
10327
31452
13116
8894
20739
15302
5881
32348
15087
21486
26615
27967
15857
31786
31432
13441
588
5366
25091
16428
6255
12126
25496
4933
14560
7455
22626
30985
16499
19465
10747
23414
15551
28839
25300
25357
7378
17442
1157
17367
23076
22883
6241
23462
11722
19832
11854
1437
9708
22329
15828
18162
12153
31275
7539
14579
26649
24740
1082
21575
19556
8496
18837
375
5713
29492
22375
4781
24561
5841
600
2747
24157
29707
15473
21854
18669
13611
21990
21700
16554
24673
16434
26701
19462
13486
1897
20623
15051
19969
30154
5276
1618
21665
5524
19591
501
15306
1308
29988
28614
21403
20763
12560
19842
12848
18764
6897
28096
14347
823
3327
12654
13240
32583
452
30078
26800
9251
29215
2269
32127
1083
21647
16037
5410
8609
8622
28819
6067
9243
508
1467
28232
13686
2270
20858
13848
30749
8423
24237
11999
19434
3413
31520
26756
21819
9439
5962
29689
31305
10670
20023
7012
19125
25257
10693
25980
1380
23029
30483
26677
12429
25788
16183
11935
30736
22574
14383
13835
17930
4038
16922
18033
18854
10447
17577
10766
24630
5926
208
2129
5250
30529
10945
26616
10335
16752
24602
7287
23684
16995
20061
8857
27290
31981
7586
12393
26002
22791
29576
31827
29755
17432
8817
32647
6676
9844
22767
14238
607
21026
25977
11136
374
20194
25187
14213
16482
10094
24077
25818
18090
7169
21338
20519
22121
24086
1635
25454
20131
14706
6509
26423
2009
20068
28185
12010
24283
16716
9947
25724
25054
858
23725
14157
21454
6296
23813
29265
31206
32555
1028
15727
26493
7126
1776
3622
15395
20415
17124
2934
2028
7030
25542
26878
18956
29491
30586
32098
15780
10335
16725
6127
26844
3158
25045
22914
8754
12396
9871
5285
18
26414
5736
30972
26278
27370
3592
3552
10223
19825
140
16457
27157
5403
12411
2033
18427
11020
29948
26550
24599
32438
24390
19776
17793
671
21591
5093
1865
26212
28393
11977
16910
12799
15778
15946
28620
9797
12683
5275
27126
1714
20675
28078
20933
12393
373
24152
21199
8823
263
16048
29659
23384
23444
5048
27124
12220
30621
15423
8636
32395
2555
25861
29443
26150
1560
2081
12952
24304
24159
31648
5727
24333
10481
21359
8100
27497
31898
6779
32687
14844
6659
10006
10905
18765
13609
3741
3166
4405
29453
31831
5170
12518
28590
28577
2585
15915
24628
9544
25266
6642
9582
12343
1363
28167
25214
1362
14427
14370
27603
32417
10180
1572
8792
6577
14840
18334
3819
30007
9958
22675
21009
20983
1364
10623
15336
6884
17015
10391
8285
14473
14273
20563
15262
13223
21242
32554
15059
27424
1170
31900
15625
24851
26678
20342
24686
25417
23457
18770
12228
4816
30645
27485
1040
3813
8138
2141
11922
18200
6982
18418
32506
14506
28013
28443
31193
6970
24443
4605
21334
16544
28912
4832
546
11290
8748
4731
32430
9382
19771
13681
667
18094
242
25371
23666
22762
4667
24968
11157
26755
22445
29378
6261
28788
17248
22355
23814
4150
20223
23048
12656
5532
28190
18677
28936
24060
31438
32697
2942
21135
20591
26372
5719
1050
2246
3414
4766
10702
3920
15625
15063
1901
32469
13201
27957
32431
32063
24067
1549
20452
2477
16084
16009
19930
28868
24803
25505
2305
23365
31674
31047
13773
10981
11537
7650
21084
6489
27540
16894
20313
19888
5863
2114
16416
23525
18662
24994
22051
25269
19505
14806
11148
15278
23528
18442
8484
29065
4275
22487
21363
28857
7942
7794
27433
9796
19107
28707
19644
210
13152
27129
27475
2051
24362
25533
17123
32262
9546
15908
15767
16232
24295
24904
2166
21801
204
32601
6976
27925
620
28560
30616
11345
13859
13669
25448
4149
30399
2050
8834
20825
20031
28151
29571
31987
31195
16687
21501
14432
28484
12067
20437
25344
18220
2381
24553
2631
12553
31200
7158
25617
21526
28854
17338
17206
16795
23690
25429
14943
23663
1127
5877
24856
22971
5472
12722
28454
16128
14466
19383
8730
348
17671
31651
8486
10761
25292
16175
21296
9254
12550
22288
23333
6074
17712
6687
11920
30198
5704
951
31339
6842
10298
350
18996
10075
2973
17320
9540
31396
1437
5721
5725
27162
29752
970
20866
8324
17070
18318
27659
17835
562
21588
23288
21343
31462
28943
11142
15290
18694
12629
10752
17577
23139
19717
27352
15527
24596
6957
27126
27852
2152
13355
13392
27655
5407
32530
20411
14248
8665
11855
21760
13601
11982
28556
28723
269
17344
21204
15168
12145
16174
11512
9927
24898
9675
31026
25898
21288
1582
32265
3044
18818
17611
14708
24348
32170
25634
22594
31609
28794
7478
15545
21049
17935
23617
22654
11133
3788
30118
23989
8935
8610
10023
2920
21095
27535
14680
6445
8018
22629
21843
1539
23989
14541
25262
20094
15848
18827
426
20004
14438
16388
30125
20502
27611
32765
5107
4851
8575
24229
2688
17401
27555
5846
4953
13677
4745
21144
26611
21565
17273
28135
2284
8421
13841
22198
11769
12175
15325
11827
29216
29566
28200
3917
4135
22956
28177
7795
17228
30386
27361
18079
8246
19433
25243
18324
31276
26575
20693
31076
10373
26028
16327
26932
16479
4213
28578
13123
5780
11504
2083
15913
7658
12057
2151
15197
30090
24261
26881
4346
15284
12165
9290
4291
30896
20429
6392
8292
13832
13141
31474
14075
5620
7360
18019
21462
32534
27260
26893
21118
12391
10985
5601
16373
20850
15293
30412
5437
21184
30887
12499
31513
12947
15666
28258
31512
31191
15853
25569
16846
1365
31945
649
22117
28458
23746
19830
27477
11383
6337
1277
11375
13147
8641
7231
11808
15646
10289
11518
25076
30895
21658
23984
13401
16721
29570
28114
14246
11665
6288
23679
91
2683
31985
23873
5802
5901
7417
3879
8503
5100
22798
10776
11549
31574
7618
5734
14129
30040
22335
8870
23178
23617
13288
19392
18497
25942
31293
19266
27765
16839
30207
24570
25746
19426
16533
1219
10963
5255
26799
2463
6918
25820
15657
17158
13456
2113
16178
17278
15792
29319
32685
21356
11272
5724
27607
6954
30297
10
19755
13145
13198
2146
131
3961
11004
13298
10367
30391
14824
4735
24362
32517
12873
12975
10971
15984
5840
32261
14938
9902
22566
4370
11332
16119
30581
25578
26033
12311
12841
22230
15379
22208
6904
30536
30306
20516
17439
4372
26998
13507
24303
24540
13236
30082
29833
29900
23532
3838
7142
9352
22402
1823
20762
4451
15308
26864
20953
9682
7868
12974
9018
4896
27327
27167
9403
10339
10724
19236
21637
5550
3137
17554
10482
28552
11667
14142
9037
1693
24100
11095
32729
26548
29426
28665
10004
6113
24845
22782
17468
24828
10305
3864
9491
16977
20725
9757
18144
22937
339
28065
13494
22570
28073
12234
6904
22634
10255
21088
13341
10121
4939
3620
29361
22384
31985
12387
3228
11508
8911
6858
19367
15952
10119
30076
18236
21970
14974
18274
27501
27860
30453
26818
28985
21230
15990
1044
11274
21866
4722
6417
20609
31480
12584
13836
6262
10147
31176
23429
26683
15620
23513
15868
22817
2742
21976
23043
19774
8970
18210
3735
28781
26619
6420
12720
19093
25700
880
21271
18223
17776
28674
8568
22018
2130
16772
9656
2353
12343
448
18568
21624
6265
15092
22075
20915
14102
122
29908
11936
25440
27304
16484
10213
29942
2550
403
13653
20210
5470
12924
19311
11108
22537
17854
22055
15104
8743
25551
20714
27923
16671
4756
8156
29628
17128
31535
3684
22616
2230
16921
5866
13374
27866
9584
22495
25005
32739
21906
23038
14594
8458
15338
3026
11822
30157
9226
5753
25192
1241
31482
28583
32287
30765
6352
19694
26419
19069
18561
23612
10084
25556
503
26021
5899
27006
2660
14946
8200
17701
28373
5402
11515
10042
3338
20321
6327
2199
7813
4223
12787
28514
31201
22898
10051
31540
32357
4662
28487
31866
24025
31811
290
6940
14488
11864
28974
20573
16359
32119
17903
14339
21125
30512
6469
31927
18308
20771
23013
25518
23382
29121
16649
15241
29483
30290
20583
12922
10875
23100
27744
22441
24286
9090
26235
19414
11812
14475
3089
25919
6818
17189
3402
19140
18890
17609
20552
19017
4351
16417
1185
28252
17575
7111
2835
5911
32129
8784
1395
6728
18488
17289
8935
11984
29497
31488
31829
10057
28354
32710
5403
16364
29500
8564
21505
945
25035
30316
2155
3255
4899
16225
20436
9191
2205
9242
28535
981
13194
11634
30287
17126
18119
8356
15170
10424
18066
8133
2970
29374
19099
13202
7604
19499
9822
8812
7164
32018
27569
14497
23577
5323
31641
26093
5732
5016
6498
21569
12703
22408
13295
23490
30436
20636
22862
30741
16859
16425
2191
8922
304
1917
21975
14198
6980
18885
5296
17430
2851
25903
31907
27633
18871
1867
31753
16077
22331
24759
11550
10692
30961
15355
8535
25928
32536
31666
30454
1125
10009
17387
27867
2374
28161
21198
26781
8955
26419
19587
8921
30841
27487
32335
28106
9442
13230
23808
18970
18695
13631
17036
15864
22060
20695
12021
8811
30219
10964
4207
23270
13339
16227
22213
11036
19473
1779
22009
7957
16807
16106
15403
14722
9629
10902
7867
23630
11262
24678
25266
8053
30629
30554
1118
2585
16127
10424
573
25043
11795
14849
28445
1095
10687
17187
28544
32507
22596
9456
9797
22889
4869
17359
21637
17746
9611
23217
12476
10582
32205
31303
14633
14786
12718
2163
1399
5033
32200
21500
23452
3638
8552
4229
3074
13888
15321
20160
22756
10271
3814
17631
27900
15294
19098
31563
9563
14066
17994
12697
12952
31242
19158
4026
21804
23208
21035
30577
14621
8399
24588
2570
13530
23100
22547
13898
28518
30714
29938
25250
12729
27185
17663
1959
26468
11839
20464
20167
4723
777
18914
2356
13975
14227
30625
4901
32645
18383
10275
30526
9881
15283
26453
26188
23487
31886
19995
22326
13715
5276
5009
25393
27847
3288
17304
12850
26309
23825
16014
2985
21398
8768
26204
24428
25347
3865
7350
23281
21754
19168
30366
24257
26931
12926
18730
26665
29202
12244
29576
17203
3792
6991
2623
6357
20694
23485
18359
11623
20585
14431
26108
25434
29836
4415
17855
22056
29218
29123
1694
8583
18004
12675
29861
10466
12338
5976
28436
29449
28061
12981
11362
28200
16228
24379
32643
12278
30893
9863
615
1582
7575
29775
18883
27459
21789
20653
1555
13136
12862
5306
13792
1357
6234
19807
19774
29833
16096
16488
30362
20052
6182
18394
20658
28668
8088
30599
19941
14588
21269
16607
6317
28015
23446
2313
8554
7371
10513
25907
14689
24779
1437
28966
24324
2221
25558
29725
8052
1182
27779
18391
12612
9587
3958
13803
11392
1177
7092
16220
1005
10319
8918
621
9107
14354
11183
12982
22649
21849
30767
22392
26032
27779
25223
17454
27282
4622
5518
32612
32332
16393
9316
3020
9370
1996
17749
18319
32722
3046
13312
21985
25636
22103
32440
18136
12320
24320
17194
29054
3704
22103
7744
13349
1288
2143
21318
3834
29971
27608
28236
19677
28880
12722
26059
11888
2597
26824
32651
19310
32434
2507
31939
7743
25873
32636
20867
28105
16220
32543
27471
2440
5872
17708
19212
3041
1393
2631
30241
5811
20239
17522
726
15920
29191
2178
17407
5611
20332
8143
22495
5169
20775
9776
7751
16285
12605
17447
23038
23271
18000
22872
357
765
31081
11072
603
29525
18676
27683
32095
25729
32012
11846
15348
14596
28921
5983
26186
27748
5623
26698
15386
30848
4921
11517
21714
9508
10030
10430
10994
30171
11779
21140
30390
10756
29033
30203
7157
808
9624
19419
12105
17803
14228
8123
22128
9985
20655
21810
2034
8195
13135
24991
28164
21250
21745
3610
28845
32251
22894
5547
11047
10828
21373
29625
20616
3782
28282
30405
17314
22531
25958
27480
26151
19194
27438
29497
25361
30160
26672
23780
30784
25330
12539
3896
869
608
6742
23920
22048
15692
3717
22356
5477
26595
1991
27056
10276
1387
5155
25350
31017
4750
18020
12416
4161
18933
14435
26408
18078
5913
644
27995
6780
11094
19587
22651
26117
26946
23409
21221
32114
6716
16633
7715
30836
8776
4072
1378
10962
9754
14829
21542
4179
22384
31388
9532
12254
23461
29625
7665
14816
131
24244
27009
26094
13146
30576
2258
21420
28238
1096
19042
29421
4085
8020
32382
14107
20770
9448
15286
6618
19707
27486
18317
12520
20306
10262
30581
23367
23858
9658
7674
18847
11191
12231
22589
26078
31011
22345
20388
24097
31791
29926
17360
22231
23967
3101
28879
2083
28697
29648
9619
19075
6711
26624
7843
22192
9947
26841
30993
15557
28611
2798
20908
22178
5725
7365
25718
14739
16092
17814
16473
27437
395
336
25365
23929
1633
7645
20861
30293
32470
7591
32739
9750
29174
9051
7889
20850
3764
19181
8186
4766
30848
5084
1903
5555
16924
16567
23830
5206
2731
20448
21081
13464
28939
29072
28699
20251
20836
7963
24816
24695
257
14197
11149
10715
31839
17653
29053
17656
15236
20570
1558
12058
8338
25868
29100
3992
13468
10916
13572
15727
9912
14253
24843
18474
16726
428
22216
2053
18896
3679
17296
31057
32322
19011
11641
26394
9627
10328
9233
10504
26100
28456
26959
30851
21793
22278
9929
8474
30598
23956
808
4134
8492
29320
11225
1962
27925
25007
9990
30846
16076
7730
453
18349
575
21272
11919
795
7633
23820
10227
18795
19116
4448
11147
26911
18260
30291
8496
31489
6274
20623
618
31682
19503
10742
22058
10466
29423
13726
5308
9423
17280
13594
2039
9809
7331
17148
31671
14117
22826
9879
21133
17897
10835
5386
21172
3896
27732
890
16199
8725
10551
28318
4530
909
15848
15233
26471
13720
21901
5507
30674
9537
12053
28065
9870
17414
24852
32503
1497
20610
4046
31875
23877
4681
18833
19500
2225
3348
32073
29443
17272
28446
16206
5832
13288
16077
20608
14512
19190
2965
7062
3429
19503
9754
7347
5711
4594
9108
26426
24594
25053
12408
15844
2648
25989
30293
28944
31952
7018
6395
30554
28023
21546
3811
29806
7190
4084
22731
8735
26379
20544
23713
20403
7501
12733
26530
27521
12715
25227
7107
19135
13140
18603
19536
9109
12188
27828
3539
28021
24829
31943
32055
7087
20316
31684
557
26176
17806
28862
4303
5355
16411
10925
11907
140
14658
27747
15907
16040
30269
5314
22363
11080
14790
5931
11602
17672
32729
22585
18572
3947
9916
17072
6159
28529
10557
10416
7620
13932
20027
17711
14881
20239
29031
29094
23301
16584
18764
25609
4579
32080
20109
2301
21795
11392
10350
20038
28869
27238
17046
29054
27208
11160
28692
9997
23498
15304
16287
11605
2672
2713
25890
8237
15368
15025
23672
8337
4077
9999
10611
9367
