0
1
7
8
9
10
11
12
14
18
24
33
36
37
50
54
61
67
68
69
75
75
77
79
81
83
88
88
91
93
103
104
107
115
117
120
122
124
124
126
131
131
131
135
136
136
140
140
140
141
142
150
152
153
160
163
165
168
173
174
178
179
180
182
190
193
204
208
210
210
211
213
215
219
219
220
220
232
242
249
249
257
257
263
268
269
270
273
289
290
296
301
303
304
309
312
320
331
336
336
339
343
343
347
347
348
350
352
355
357
359
369
373
374
375
384
386
395
398
400
400
403
404
409
411
412
418
425
425
426
428
428
434
435
437
437
439
442
448
448
451
452
453
455
456
457
462
475
487
497
498
501
503
506
508
515
518
526
530
531
538
538
540
543
546
557
562
566
568
570
573
575
575
580
588
588
600
603
607
608
613
615
616
618
620
620
621
626
629
630
638
642
644
647
649
655
655
659
660
665
667
671
671
677
695
702
705
718
719
720
726
728
729
735
736
740
745
746
746
749
751
755
765
768
769
770
773
777
779
781
782
789
792
792
793
795
798
800
802
803
808
808
811
811
817
818
823
830
832
833
834
835
835
840
845
849
854
858
861
868
869
880
890
895
903
907
909
912
912
914
915
917
917
923
926
927
931
934
938
945
951
954
968
968
970
976
981
981
982
986
996
997
1005
1005
1020
1028
1037
1039
1040
1040
1044
1045
1047
1050
1051
1054
1059
1062
1067
1070
1074
1078
1082
1083
1083
1084
1085
1085
1086
1088
1088
1090
1090
1091
1095
1096
1103
1104
1113
1113
1114
1118
1123
1125
1127
1127
1134
1137
1143
1149
1152
1153
1157
1159
1162
1164
1166
1167
1168
1168
1170
1177
1179
1182
1183
1184
1185
1193
1199
1207
1213
1219
1220
1220
1220
1221
1225
1233
1233
1237
1241
1245
1249
1252
1255
1258
1260
1266
1269
1269
1270
1277
1278
1281
1281
1282
1285
1288
1307
1308
1311
1315
1320
1323
1331
1333
1342
1342
1343
1345
1349
1354
1357
1362
1363
1363
1363
1364
1365
1365
1367
1371
1375
1378
1380
1387
1387
1389
1391
1393
1395
1396
1396
1398
1398
1399
1399
1400
1406
1410
1412
1414
1415
1417
1418
1437
1437
1437
1439
1450
1451
1455
1455
1456
1460
1465
1467
1468
1480
1484
1484
1487
1488
1488
1489
1493
1497
1497
1497
1524
1528
1529
1534
1539
1541
1542
1543
1546
1549
1551
1555
1555
1558
1560
1562
1563
1564
1564
1566
1569
1572
1576
1578
1580
1580
1582
1582
1586
1587
1600
1604
1609
1615
1618
1620
1622
1626
1626
1627
1630
1633
1634
1635
1635
1636
1644
1648
1652
1652
1660
1666
1671
1676
1677
1680
1681
1684
1693
1694
1704
1706
1714
1715
1728
1729
1730
1735
1735
1739
1741
1741
1746
1748
1754
1754
1756
1758
1774
1774
1776
1778
1779
1781
1787
1791
1797
1797
1799
1800
1810
1814
1814
1814
1820
1823
1823
1827
1828
1830
1835
1837
1850
1850
1852
1854
1855
1856
1861
1865
1865
1867
1869
1870
1871
1878
1881
1885
1897
1897
1899
1901
1903
1905
1906
1917
1921
1922
1933
1934
1945
1947
1948
1951
1955
1959
1962
1972
1972
1972
1980
1980
1985
1987
1991
1994
1996
1998
2003
2007
2007
2007
2008
2009
2016
2019
2024
2025
2026
2028
2033
2034
2037
2039
2050
2051
2052
2052
2053
2057
2060
2066
2067
2076
2081
2082
2083
2083
2090
2091
2091
2091
2095
2099
2104
2107
2113
2114
2115
2126
2129
2130
2131
2137
2137
2137
2141
2143
2146
2149
2151
2152
2155
2157
2161
2162
2163
2163
2166
2170
2177
2178
2182
2182
2182
2184
2191
2194
2199
2202
2205
2205
2211
2217
2219
2220
2221
2225
2229
2230
2232
2236
2237
2237
2238
2239
2242
2246
2249
2251
2255
2256
2257
2258
2260
2265
2265
2269
2270
2273
2284
2287
2290
2301
2304
2305
2309
2313
2322
2327
2340
2346
2348
2351
2353
2356
2357
2358
2363
2369
2370
2374
2380
2381
2383
2386
2388
2390
2392
2396
2402
2405
2418
2426
2428
2428
2428
2429
2429
2439
2440
2443
2453
2454
2458
2459
2463
2467
2467
2471
2477
2477
2480
2484
2486
2492
2493
2499
2505
2507
2507
2511
2517
2518
2530
2530
2533
2533
2534
2534
2535
2536
2537
2538
2541
2543
2544
2549
2550
2555
2560
2560
2567
2570
2574
2583
2585
2585
2588
2594
2595
2597
2600
2601
2605
2605
2613
2616
2623
2630
2631
2631
2639
2639
2640
2645
2648
2648
2648
2649
2654
2654
2656
2660
2664
2666
2667
2672
2683
2688
2689
2691
2692
2696
2700
2701
2704
2705
2713
2721
2725
2727
2729
2731
2731
2737
2738
2742
2746
2747
2747
2747
2753
2757
2757
2768
2775
2786
2790
2791
2794
2795
2798
2805
2815
2816
2818
2827
2827
2831
2835
2835
2840
2843
2845
2847
2847
2851
2857
2864
2871
2872
2877
2879
2881
2886
2895
2898
2900
2909
2914
2915
2917
2920
2921
2924
2924
2928
2928
2929
2934
2938
2942
2943
2944
2962
2964
2965
2967
2967
2970
2973
2973
2985
2991
2994
3003
3010
3013
3020
3026
3026
3032
3034
3035
3041
3041
3044
3046
3046
3056
3059
3065
3074
3079
3083
3089
3094
3097
3101
3112
3116
3116
3118
3123
3127
3130
3133
3134
3137
3137
3157
3158
3166
3167
3172
3178
3179
3181
3182
3182
3186
3188
3189
3195
3195
3199
3213
3224
3228
3244
3247
3250
3255
3257
3262
3272
3288
3297
3302
3303
3307
3310
3310
3310
3314
3315
3315
3316
3319
3322
3323
3324
3326
3327
3329
3332
3333
3333
3334
3334
3338
3338
3343
3347
3348
3349
3356
3368
3376
3379
3380
3384
3385
3388
3390
3392
3394
3400
3402
3407
3413
3414
3419
3419
3422
3423
3429
3429
3436
3436
3450
3453
3460
3464
3468
3471
3474
3476
3479
3484
3494
3495
3496
3499
3501
3514
3516
3516
3520
3521
3521
3523
3537
3539
3542
3545
3546
3547
3552
3557
3560
3562
3562
3565
3570
3573
3573
3575
3577
3578
3578
3589
3592
3593
3598
3602
3608
3610
3611
3615
3617
3620
3621
3622
3625
3633
3636
3638
3640
3649
3650
3656
3660
3661
3666
3669
3669
3677
3679
3684
3693
3693
3694
3696
3701
3704
3705
3709
3717
3735
3735
3735
3741
3744
3744
3746
3750
3761
3764
3765
3770
3777
3780
3782
3788
3790
3792
3794
3796
3811
3813
3814
3814
3817
3819
3822
3824
3825
3832
3833
3834
3834
3838
3842
3843
3846
3848
3850
3852
3858
3860
3864
3865
3866
3868
3870
3874
3879
3884
3891
3895
3896
3896
3898
3909
3917
3920
3921
3921
3923
3925
3942
3944
3947
3947
3949
3952
3954
3958
3961
3965
3971
3974
3977
3978
3982
3986
3992
3999
4003
4003
4008
4017
4020
4021
4024
4026
4033
4037
4038
4046
4046
4051
4057
4062
4070
4072
4075
4077
4080
4080
4084
4085
4090
4092
4092
4093
4093
4097
4105
4114
4118
4118
4119
4120
4121
4123
4128
4134
4135
4145
4148
4148
4149
4150
4153
4155
4157
4161
4163
4168
4168
4171
4171
4179
4186
4201
4201
4202
4207
4213
4216
4218
4219
4221
4222
4222
4223
4223
4228
4229
4230
4234
4238
4243
4246
4250
4260
4262
4264
4265
4270
4274
4275
4283
4287
4291
4295
4297
4298
4300
4303
4306
4307
4308
4309
4311
4312
4317
4319
4324
4324
4327
4341
4346
4351
4352
4353
4354
4362
4370
4372
4377
4381
4382
4385
4391
4402
4404
4405
4405
4405
4407
4408
4414
4414
4415
4418
4419
4424
4436
4448
4451
4457
4457
4457
4473
4474
4483
4493
4498
4504
4514
4517
4523
4527
4527
4528
4530
4539
4539
4541
4542
4546
4548
4554
4554
4567
4572
4576
4579
4580
4582
4587
4587
4594
4601
4603
4605
4621
4622
4622
4635
4642
4644
4648
4655
4659
4662
4667
4668
4672
4675
4681
4684
4687
4687
4688
4697
4699
4699
4710
4718
4722
4723
4728
4730
4730
4731
4735
4737
4745
4745
4750
4756
4756
4760
4764
4766
4766
4767
4771
4773
4779
4781
4782
4782
4793
4800
4805
4809
4816
4821
4825
4829
4832
4833
4834
4834
4845
4847
4847
4851
4852
4858
4867
4869
4870
4872
4884
4885
4888
4889
4889
4890
4892
4896
4899
4899
4901
4903
4912
4917
4917
4921
4921
4926
4929
4933
4933
4935
4939
4941
4952
4952
4953
4959
4959
4962
4964
4966
4973
4973
4976
4988
5000
5001
5002
5008
5009
5011
5014
5015
5016
5016
5018
5024
5027
5032
5033
5033
5034
5035
5043
5045
5047
5048
5054
5054
5057
5058
5059
5061
5070
5072
5073
5080
5080
5081
5084
5086
5093
5095
5098
5099
5099
5100
5107
5110
5122
5124
5134
5141
5148
5153
5155
5165
5167
5169
5169
5170
5172
5182
5184
5185
5193
5198
5201
5206
5209
5213
5217
5218
5223
5230
5234
5235
5239
5241
5243
5243
5247
5250
5252
5253
5255
5257
5259
5267
5271
5271
5273
5275
5276
5276
5276
5277
5282
5283
5285
5289
5290
5291
5296
5306
5307
5308
5310
5314
5314
5315
5317
5321
5323
5325
5325
5331
5332
5334
5335
5339
5344
5346
5348
5355
5355
5360
5366
5369
5370
5379
5386
5387
5387
5393
5398
5400
5402
5403
5403
5407
5408
5410
5411
5413
5422
5423
5433
5433
5435
5437
5438
5442
5443
5452
5457
5461
5463
5470
5471
5471
5472
5474
5476
5477
5477
5478
5479
5490
5498
5500
5502
5506
5507
5508
5510
5511
5512
5512
5514
5518
5522
5522
5524
5524
5525
5531
5532
5539
5547
5550
5550
5550
5552
5555
5555
5562
5573
5575
5576
5582
5589
5594
5598
5601
5601
5602
5604
5611
5619
5620
5621
5623
5623
5633
5637
5637
5638
5641
5649
5655
5660
5667
5668
5675
5675
5677
5680
5682
5685
5685
5692
5697
5704
5707
5708
5710
5711
5713
5714
5719
5721
5724
5725
5725
5726
5727
5732
5734
5735
5736
5737
5743
5744
5753
5755
5761
5775
5780
5780
5789
5792
5793
5797
5797
5798
5799
5802
5804
5811
5816
5818
5822
5827
5828
5832
5833
5836
5840
5841
5845
5846
5846
5846
5848
5849
5863
5863
5866
5870
5872
5875
5877
5880
5881
5883
5890
5894
5894
5899
5899
5899
5901
5901
5907
5907
5910
5910
5911
5913
5919
5919
5919
5925
5926
5926
5928
5929
5931
5933
5940
5942
5947
5951
5951
5952
5962
5964
5971
5976
5978
5983
5986
5988
5988
5989
5993
5996
6005
6009
6016
6021
6033
6036
6040
6046
6052
6054
6066
6067
6074
6077
6094
6095
6101
6104
6105
6109
6111
6111
6113
6119
6126
6127
6131
6137
6140
6142
6150
6150
6151
6157
6159
6164
6165
6178
6178
6180
6182
6191
6204
6213
6230
6233
6234
6236
6240
6241
6244
6255
6261
6262
6263
6264
6264
6265
6269
6270
6274
6282
6284
6285
6285
6285
6288
6288
6290
6294
6296
6304
6305
6309
6317
6318
6318
6327
6328
6333
6337
6338
6352
6352
6355
6357
6374
6377
6387
6391
6392
6394
6394
6395
6398
6402
6403
6404
6406
6409
6415
6416
6417
6418
6420
6421
6429
6430
6431
6432
6434
6434
6437
6442
6443
6444
6445
6447
6451
6453
6454
6455
6463
6466
6469
6469
6477
6480
6489
6495
6496
6498
6499
6509
6511
6512
6513
6529
6537
6543
6543
6546
6547
6549
6555
6559
6560
6563
6570
6575
6576
6576
6577
6577
6589
6593
6597
6598
6599
6602
6602
6603
6607
6613
6615
6618
6619
6622
6632
6636
6639
6642
6644
6644
6659
6660
6668
6676
6687
6689
6700
6702
6705
6707
6710
6711
6711
6712
6716
6716
6717
6719
6722
6723
6728
6728
6737
6739
6741
6742
6747
6747
6754
6760
6761
6771
6775
6776
6776
6778
6779
6780
6781
6783
6786
6786
6787
6787
6792
6812
6812
6812
6814
6818
6819
6832
6840
6842
6842
6844
6850
6854
6854
6858
6863
6873
6873
6876
6876
6883
6884
6884
6885
6888
6895
6897
6902
6904
6904
6905
6907
6912
6913
6914
6918
6922
6933
6935
6938
6940
6943
6954
6956
6957
6960
6964
6965
6970
6974
6976
6979
6980
6981
6982
6982
6991
6995
7005
7012
7014
7018
7023
7025
7029
7029
7030
7035
7046
7051
7055
7062
7063
7067
7068
7080
7085
7087
7087
7092
7103
7107
7111
7115
7117
7119
7120
7124
7126
7132
7135
7140
7141
7142
7150
7151
7156
7157
7158
7159
7159
7160
7164
7169
7174
7176
7177
7185
7186
7188
7189
7190
7194
7194
7195
7195
7195
7196
7204
7218
7221
7222
7224
7225
7225
7228
7231
7234
7234
7240
7241
7242
7247
7249
7250
7252
7253
7257
7257
7258
7259
7259
7261
7281
7282
7284
7287
7287
7289
7295
7295
7307
7309
7310
7312
7313
7315
7318
7321
7322
7326
7327
7329
7329
7331
7344
7344
7347
7348
7350
7355
7360
7364
7365
7366
7371
7371
7378
7385
7390
7390
7394
7397
7417
7422
7427
7443
7449
7451
7453
7453
7455
7463
7469
7477
7477
7478
7478
7479
7480
7481
7485
7492
7500
7501
7507
7508
7514
7534
7538
7539
7540
7541
7552
7554
7562
7565
7565
7574
7575
7584
7586
7586
7586
7586
7591
7594
7600
7604
7605
7616
7617
7618
7618
7620
7625
7625
7628
7633
7645
7646
7646
7650
7651
7654
7657
7658
7658
7660
7663
7665
7665
7665
7669
7674
7674
7677
7678
7682
7687
7687
7688
7691
7693
7697
7702
7704
7715
7721
7725
7730
7734
7734
7743
7743
7744
7749
7751
7755
7761
7765
7774
7775
7787
7794
7795
7796
7796
7802
7805
7806
7807
7808
7813
7827
7833
7838
7843
7843
7846
7851
7859
7860
7862
7867
7868
7876
7881
7887
7889
7894
7895
7904
7905
7909
7919
7922
7925
7925
7930
7941
7942
7955
7955
7956
7957
7963
7964
7965
7965
7969
7971
7971
7973
7976
7985
7997
8005
8010
8018
8020
8029
8031
8032
8036
8037
8049
8052
8053
8056
8057
8058
8062
8071
8080
8084
8085
8088
8088
8089
8100
8101
8102
8108
8112
8112
8116
8120
8123
8124
8133
8134
8135
8135
8135
8136
8138
8141
8143
8144
8147
8149
8149
8156
8157
8163
8167
8168
8173
8175
8177
8177
8178
8186
8190
8193
8195
8200
8201
8207
8219
8229
8229
8230
8231
8234
8237
8240
8243
8246
8246
8249
8267
8279
8279
8280
8285
8288
8292
8300
8302
8302
8305
8307
8313
8315
8316
8317
8324
8334
8336
8336
8337
8338
8348
8353
8356
8358
8360
8362
8362
8373
8380
8392
8395
8399
8401
8401
8404
8417
8421
8423
8425
8443
8450
8458
8458
8459
8462
8468
8468
8474
8478
8484
8486
8486
8487
8492
8496
8496
8497
8500
8500
8501
8503
8507
8510
8510
8517
8518
8518
8519
8519
8520
8521
8525
8528
8535
8552
8552
8554
8554
8558
8559
8560
8563
8564
8568
8569
8570
8574
8575
8575
8577
8583
8585
8589
8594
8594
8600
8602
8609
8610
8615
8615
8622
8623
8625
8636
8641
8647
8651
8660
8663
8665
8671
8675
8700
8704
8706
8707
8716
8717
8723
8723
8725
8730
8735
8735
8739
8741
8742
8743
8745
8747
8748
8754
8754
8754
8761
8768
8769
8770
8773
8776
8782
8784
8788
8789
8792
8811
8812
8814
8817
8817
8823
8829
8834
8841
8842
8845
8847
8851
8855
8857
8859
8863
8867
8870
8873
8873
8875
8887
8890
8894
8897
8897
8898
8899
8900
8900
8905
8907
8909
8911
8911
8916
8918
8921
8921
8922
8924
8934
8935
8935
8939
8940
8941
8943
8944
8954
8955
8962
8963
8965
8970
8975
8979
8982
8989
8994
8995
9006
9007
9010
9012
9015
9018
9025
9037
9039
9048
9049
9051
9059
9060
9069
9073
9074
9075
9082
9090
9101
9103
9103
9107
9108
9109
9111
9113
9114
9116
9118
9119
9121
9122
9125
9128
9136
9141
9143
9146
9148
9160
9163
9165
9166
9167
9168
9168
9181
9183
9191
9191
9192
9198
9200
9204
9212
9226
9227
9227
9231
9231
9232
9233
9233
9238
9239
9242
9243
9250
9251
9254
9264
9265
9269
9270
9275
9279
9280
9280
9282
9282
9290
9290
9295
9300
9303
9304
9305
9311
9316
9319
9326
9340
9344
9347
9348
9352
9357
9357
9359
9363
9364
9365
9367
9367
9370
9376
9376
9377
9382
9390
9395
9398
9400
9403
9408
9411
9411
9412
9412
9414
9423
9429
9430
9430
9431
9436
9439
9439
9442
9443
9445
9448
9449
9452
9453
9455
9456
9457
9464
9466
9467
9484
9489
9491
9492
9499
9501
9502
9506
9508
9508
9517
9524
9532
9535
9536
9537
9540
9541
9544
9546
9557
9557
9558
9563
9567
9567
9569
9573
9577
9582
9584
9585
9585
9587
9588
9588
9596
9597
9600
9600
9602
9608
9609
9611
9613
9619
9622
9624
9626
9627
9628
9629
9633
9640
9640
9642
9643
9644
9650
9653
9654
9654
9656
9658
9659
9664
9672
9675
9682
9699
9704
9705
9708
9713
9717
9737
9739
9741
9742
9742
9745
9749
9750
9754
9754
9757
9757
9757
9759
9763
9763
9763
9764
9766
9769
9771
9771
9772
9772
9773
9773
9776
9778
9779
9780
9781
9782
9788
9788
9788
9789
9796
9797
9797
9799
9807
9809
9812
9816
9820
9822
9822
9825
9844
9844
9846
9847
9849
9861
9863
9863
9866
9866
9870
9870
9871
9873
9879
9880
9881
9881
9882
9883
9885
9894
9899
9901
9902
9905
9906
9912
9913
9916
9927
9929
9932
9939
9942
9943
9945
9947
9947
9950
9958
9966
9967
9972
9973
9974
9976
9981
9985
9990
9993
9997
9997
9999
9999
10004
10006
10009
10009
10014
10015
10023
10025
10026
10027
10029
10030
10038
10040
10041
10042
10042
10044
10046
10048
10049
10051
10055
10057
10058
10059
10062
10066
10071
10074
10075
10076
10084
10091
10094
10098
10101
10119
10121
10125
10126
10147
10151
10152
10154
10156
10159
10160
10164
10172
10173
10179
10180
10181
10190
10193
10197
10199
10201
10203
10205
10206
10210
10213
10223
10224
10224
10227
10230
10231
10234
10235
10238
10251
10254
10255
10258
10259
10262
10263
10265
10267
10267
10268
10271
10274
10275
10276
10276
10283
10289
10289
10291
10295
10298
10301
10303
10305
10314
10317
10319
10321
10324
10327
10328
10335
10335
10339
10339
10339
10339
10350
10352
10358
10365
10367
10369
10373
10374
10391
10400
10402
10406
10411
10411
10412
10412
10413
10413
10416
10418
10419
10419
10421
10424
10424
10425
10427
10430
10436
10438
10438
10440
10443
10445
10447
10464
10466
10466
10466
10468
10476
10481
10482
10493
10498
10504
10504
10505
10510
10513
10516
10518
10533
10537
10539
10539
10543
10544
10547
10548
10551
10552
10553
10557
10564
10568
10570
10573
10578
10579
10582
10586
10586
10590
10591
10602
10610
10611
10612
10618
10623
10630
10636
10639
10645
10652
10654
10656
10656
10657
10657
10663
10663
10668
10670
10673
10687
10690
10692
10693
10698
10699
10702
10705
10707
10712
10713
10715
10718
10720
10722
10724
10728
10730
10734
10742
10744
10747
10752
10752
10756
10760
10761
10764
10766
10771
10771
10773
10774
10776
10782
10789
10794
10794
10797
10797
10797
10799
10821
10828
10829
10833
10835
10838
10840
10843
10844
10845
10851
10853
10854
10854
10856
10866
10875
10880
10882
10883
10892
10893
10902
10904
10905
10905
10913
10916
10925
10931
10934
10934
10938
10942
10943
10945
10953
10954
10954
10958
10959
10962
10963
10964
10966
10968
10971
10971
10976
10977
10981
10982
10985
10991
10994
10995
11000
11004
11009
11010
11011
11016
11020
11020
11022
11029
11031
11032
11033
11036
11037
11042
11046
11047
11049
11050
11051
11059
11072
11078
11080
11082
11089
11094
11095
11096
11103
11104
11108
11115
11115
11119
11128
11129
11133
11136
11138
11142
11145
11147
11148
11149
11157
11157
11160
11164
11165
11167
11183
11183
11183
11191
11193
11194
11200
11208
11208
11221
11223
11225
11231
11233
11243
11249
11262
11265
11272
11272
11272
11273
11274
11275
11276
11280
11281
11281
11283
11286
11287
11290
11307
11315
11319
11319
11321
11324
11325
11327
11332
11332
11332
11337
11339
11341
11345
11348
11349
11355
11355
11356
11359
11362
11371
11375
11375
11375
11381
11382
11383
11389
11389
11390
11390
11392
11392
11396
11397
11398
11403
11409
11410
11411
11414
11414
11419
11420
11420
11430
11431
11434
11435
11436
11437
11444
11452
11467
11475
11484
11486
11487
11489
11491
11497
11498
11504
11506
11507
11507
11508
11508
11512
11515
11517
11518
11526
11528
11532
11532
11537
11539
11540
11544
11549
11550
11552
11556
11556
11557
11558
11565
11565
11568
11569
11571
11574
11576
11576
11577
11585
11589
11594
11595
11597
11602
11605
11607
11609
11610
11611
11611
11623
11628
11632
11634
11641
11643
11646
11646
11653
11654
11663
11665
11665
11667
11667
11673
11676
11679
11688
11689
11691
11699
11700
11705
11709
11714
11715
11719
11720
11722
11731
11732
11747
11751
11754
11757
11761
11762
11764
11767
11769
11769
11774
11778
11779
11782
11784
11784
11790
11792
11795
11799
11804
11807
11808
11808
11809
11812
11812
11814
11819
11821
11822
11825
11826
11827
11827
11835
11839
11845
11846
11851
11854
11854
11855
11855
11864
11864
11865
11867
11874
11878
11879
11884
11888
11889
11889
11894
11895
11904
11906
11907
11913
11919
11920
11920
11922
11927
11928
11935
11935
11936
11945
11950
11951
11954
11954
11957
11957
11958
11977
11977
11982
11983
11984
11984
11986
11987
11992
11998
11999
12000
12001
12002
12002
12005
12006
12006
12010
12010
12013
12014
12021
12026
12029
12041
12050
12050
12051
12053
12057
12057
12058
12059
12063
12067
12069
12073
12078
12081
12083
12083
12089
12089
12089
12095
12096
12103
12105
12105
12107
12122
12123
12124
12126
12127
12129
12130
12141
12142
12145
12145
12146
12147
12152
12153
12158
12161
12162
12162
12165
12172
12175
12188
12190
12197
12206
12218
12220
12228
12231
12231
12233
12234
12236
12242
12244
12244
12244
12254
12260
12271
12275
12278
12292
12303
12303
12311
12311
12318
12320
12321
12325
12325
12337
12338
12338
12343
12343
12345
12352
12358
12367
12367
12370
12376
12378
12387
12387
12390
12391
12393
12393
12394
12396
12402
12405
12405
12407
12408
12409
12411
12411
12416
12418
12424
12429
12429
12429
12434
12437
12438
12438
12443
12443
12447
12449
12452
12465
12469
12476
12476
12479
12480
12489
12494
12496
12499
12507
12507
12512
12518
12520
12523
12524
12529
12534
12539
12539
12550
12553
12553
12558
12560
12564
12573
12575
12577
12584
12584
12587
12587
12587
12588
12589
12594
12599
12602
12605
12607
12610
12612
12613
12620
12622
12626
12626
12627
12629
12629
12633
12640
12644
12647
12653
12654
12656
12657
12661
12665
12665
12666
12675
12677
12678
12683
12683
12697
12697
12702
12703
12710
12711
12715
12716
12718
12720
12722
12722
12723
12729
12733
12757
12758
12758
12758
12771
12773
12781
12785
12787
12789
12793
12794
12799
12811
12815
12822
12829
12834
12835
12837
12841
12843
12848
12848
12850
12853
12858
12859
12862
12862
12865
12866
12869
12873
12875
12880
12882
12884
12890
12892
12900
12906
12908
12908
12909
12917
12922
12924
12924
12926
12926
12932
12933
12934
12943
12947
12949
12952
12952
12952
12954
12955
12955
12964
12974
12975
12981
12982
12986
12986
12988
12995
13011
13014
13015
13022
13027
13028
13042
13044
13044
13049
13052
13061
13065
13070
13078
13083
13084
13089
13089
13090
13092
13096
13097
13101
13106
13113
13116
13120
13120
13121
13123
13127
13129
13130
13135
13136
13139
13140
13141
13143
13145
13146
13147
13151
13152
13162
13169
13171
13172
13172
13178
13185
13194
13198
13198
13201
13202
13203
13223
13223
13223
13223
13227
13230
13230
13230
13236
13240
13245
13251
13252
13254
13258
13263
13266
13272
13280
13288
13288
13290
13294
13295
13296
13296
13298
13301
13306
13312
13312
13314
13315
13316
13316
13321
13323
13324
13324
13326
13328
13330
13339
13339
13341
13341
13345
13349
13351
13355
13356
13362
13364
13371
13371
13374
13377
13382
13386
13392
13395
13397
13401
13404
13405
13407
13411
13416
13416
13420
13429
13440
13441
13442
13447
13451
13452
13455
13456
13461
13462
13464
13466
13468
13469
13473
13474
13476
13481
13486
13489
13491
13494
13498
13500
13502
13507
13508
13508
13518
13519
13519
13525
13530
13539
13541
13544
13545
13546
13553
13555
13560
13560
13571
13572
13573
13578
13581
13582
13585
13586
13590
13594
13597
13601
13604
13609
13611
13616
13617
13617
13621
13622
13623
13628
13629
13631
13631
13632
13634
13643
13645
13646
13646
13653
13656
13657
13660
13668
13668
13669
13670
13672
13673
13673
13677
13681
13685
13686
13688
13694
13698
13707
13709
13715
13718
13720
13726
13732
13735
13735
13737
13737
13744
13745
13747
13751
13752
13752
13755
13756
13762
13763
13773
13788
13789
13791
13792
13793
13799
13799
13803
13816
13820
13820
13823
13828
13828
13832
13835
13836
13839
13841
13848
13856
13859
13864
13869
13873
13873
13873
13875
13875
13878
13879
13882
13882
13885
13888
13894
13897
13898
13904
13914
13922
13924
13932
13934
13939
13941
13944
13945
13950
13956
13957
13958
13959
13960
13963
13970
13970
13971
13975
13978
13987
13988
13995
13998
14000
14003
14006
14022
14025
14042
14046
14046
14048
14049
14049
14051
14052
14056
14063
14063
14066
14071
14074
14075
14075
14078
14082
14083
14084
14085
14088
14091
14100
14102
14103
14107
14111
14117
14129
14134
14135
14138
14138
14139
14139
14141
14142
14142
14145
14157
14159
14162
14162
14166
14167
14171
14173
14175
14187
14189
14189
14189
14190
14191
14197
14198
14202
14203
14203
14204
14205
14207
14213
14213
14214
14222
14227
14227
14228
14231
14238
14242
14246
14247
14248
14248
14248
14253
14254
14259
14259
14262
14263
14268
14269
14273
14275
14275
14277
14279
14280
14281
14283
14286
14288
14289
14291
14295
14296
14302
14310
14310
14313
14315
14323
14326
14326
14330
14330
14337
14339
14347
14349
14354
14357
14366
14370
14378
14380
14382
14383
14384
14389
14391
14401
14402
14405
14421
14427
14431
14432
14435
14438
14443
14447
14448
14450
14454
14456
14463
14465
14466
14469
14470
14473
14475
14478
14478
14483
14488
14492
14492
14493
14494
14497
14498
14500
14506
14512
14512
14519
14527
14528
14531
14531
14536
14537
14539
14541
14546
14546
14560
14561
14562
14563
14565
14569
14573
14575
14579
14579
14587
14588
14594
14594
14596
14596
14599
14603
14605
14608
14614
14621
14622
14630
14633
14639
14646
14649
14651
14658
14659
14666
14673
14673
14674
14680
14682
14689
14689
14693
14694
14697
14703
14703
14705
14706
14708
14715
14721
14722
14722
14722
14739
14743
14747
14749
14750
14757
14758
14759
14766
14766
14767
14772
14775
14777
14779
14786
14786
14787
14787
14790
14790
14794
14794
14803
14806
14806
14811
14813
14816
14819
14824
14826
14829
14832
14833
14833
14834
14838
14840
14844
14844
14849
14851
14856
14858
14870
14872
14873
14880
14881
14884
14885
14885
14894
14906
14909
14916
14918
14926
14929
14930
14936
14938
14940
14943
14944
14944
14946
14950
14951
14957
14962
14963
14963
14974
14978
14981
14990
14990
14995
14997
14998
15010
15011
15014
15014
15014
15021
15025
15030
15033
15041
15041
15046
15047
15051
15055
15059
15063
15063
15069
15074
15075
15087
15092
15099
15104
15107
15115
15123
15124
15128
15129
15139
15139
15143
15143
15146
15151
15151
15160
15168
15170
15174
15182
15186
15189
15197
15201
15204
15211
15213
15219
15220
15223
15224
15228
15231
15231
15232
15233
15236
15241
15242
15246
15248
15253
15262
15263
15264
15264
15265
15265
15268
15271
15278
15283
15283
15284
15286
15289
15290
15293
15294
15295
15301
15302
15302
15304
15306
15308
15311
15317
15318
15320
15321
15323
15325
15325
15336
15336
15338
15340
15341
15344
15345
15345
15348
15349
15351
15355
15359
15362
15364
15364
15368
15377
15379
15385
15386
15391
15395
15396
15402
15403
15405
15406
15407
15413
15414
15422
15423
15432
15435
15437
15440
15441
15444
15444
15449
15465
15471
15473
15474
15483
15484
15486
15489
15494
15495
15497
15500
15501
15502
15510
15512
15512
15515
15524
15525
15527
15542
15545
15545
15551
15552
15554
15557
15561
15566
15568
15588
15597
15599
15602
15605
15606
15608
15609
15620
15622
15624
15625
15625
15625
15635
15635
15638
15641
15644
15646
15647
15649
15651
15657
15660
15666
15669
15672
15677
15684
15684
15686
15690
15690
15692
15696
15697
15699
15706
15708
15709
15711
15712
15724
15724
15727
15727
15732
15741
15754
15762
15765
15767
15767
15772
15773
15776
15778
15780
15780
15792
15793
15795
15804
15806
15813
15817
15825
15828
15830
15831
15837
15843
15844
15848
15848
15849
15852
15853
15855
15856
15857
15864
15868
15874
15876
15881
15886
15904
15906
15907
15908
15912
15913
15915
15920
15927
15927
15932
15933
15933
15937
15942
15946
15946
15948
15952
15953
15955
15955
15956
15971
15976
15978
15984
15984
15990
15995
16005
16006
16009
16012
16014
16025
16026
16029
16030
16037
16039
16040
16042
16042
16048
16052
16058
16068
16069
16071
16072
16076
16077
16077
16084
16085
16086
16090
16091
16092
16096
16106
16107
16113
16119
16119
16127
16128
16130
16131
16135
16148
16149
16151
16156
16157
16160
16166
16166
16170
16174
16175
16177
16178
16183
16183
16185
16188
16192
16192
16193
16195
16199
16200
16201
16202
16206
16206
16212
16212
16216
16220
16220
16220
16221
16222
16223
16223
16225
16227
16228
16229
16232
16234
16236
16237
16247
16247
16252
16253
16256
16258
16265
16267
16267
16269
16271
16279
16283
16285
16287
16294
16299
16309
16312
16312
16314
16318
16327
16337
16338
16338
16339
16339
16348
16349
16352
16353
16355
16357
16359
16364
16373
16379
16387
16388
16392
16393
16400
16400
16408
16409
16411
16412
16416
16417
16423
16425
16428
16432
16432
16434
16435
16436
16438
16451
16457
16462
16462
16473
16479
16482
16483
16484
16484
16485
16487
16487
16488
16491
16497
16499
16504
16505
16510
16511
16514
16517
16519
16519
16520
16521
16522
16526
16533
16536
16543
16544
16548
16554
16555
16563
16567
16568
16578
16584
16587
16587
16587
16588
16593
16593
16597
16600
16603
16604
16606
16607
16610
16611
16611
16617
16623
16628
16633
16649
16651
16652
16653
16654
16654
16661
16671
16672
16672
16678
16683
16687
16695
16700
16707
16716
16720
16721
16721
16721
16723
16725
16726
16734
16740
16747
16748
16748
16752
16758
16760
16760
16769
16772
16777
16778
16784
16787
16788
16788
16788
16789
16790
16792
16795
16799
16799
16802
16802
16803
16803
16803
16804
16805
16807
16809
16817
16825
16825
16831
16839
16842
16846
16855
16859
16860
16867
16873
16873
16881
16884
16886
16893
16894
16894
16895
16897
16903
16908
16910
16915
16915
16917
16918
16921
16922
16924
16925
16929
16939
16948
16949
16951
16953
16954
16954
16959
16959
16960
16964
16965
16968
16970
16977
16978
16987
16988
16989
16991
16992
16995
16996
17002
17011
17015
17015
17018
17020
17025
17035
17036
17039
17039
17040
17040
17046
17048
17051
17058
17058
17061
17065
17070
17070
17070
17072
17072
17087
17087
17091
17091
17095
17096
17104
17106
17111
17112
17116
17123
17124
17126
17128
17128
17137
17142
17147
17148
17149
17152
17158
17171
17178
17182
17187
17189
17192
17194
17201
17201
17203
17203
17206
17206
17207
17213
17222
17224
17228
17236
17236
17241
17242
17243
17243
17243
17247
17248
17250
17250
17250
17254
17266
17267
17271
17271
17272
17273
17275
17277
17278
17278
17278
17280
17281
17283
17283
17285
17285
17289
17292
17296
17297
17297
17304
17314
17314
17319
17320
17321
17327
17330
17331
17335
17338
17338
17343
17344
17348
17349
17350
17359
17360
17367
17370
17371
17379
17379
17384
17385
17386
17387
17389
17393
17394
17401
17406
17407
17409
17414
17417
17420
17426
17426
17430
17430
17432
17439
17441
17442
17447
17450
17454
17454
17455
17463
17465
17467
17468
17471
17474
17476
17477
17482
17484
17489
17489
17494
17497
17500
17502
17511
17512
17512
17520
17522
17522
17524
17536
17538
17546
17547
17552
17553
17554
17564
17569
17575
17575
17577
17577
17579
17579
17585
17587
17598
17602
17605
17607
17609
17611
17626
17629
17629
17631
17632
17633
17638
17648
17650
17653
17656
17659
17659
17661
17663
17663
17667
17670
17670
17670
17671
17672
17677
17682
17686
17686
17690
17701
17705
17708
17708
17709
17711
17711
17711
17712
17712
17713
17716
17718
17720
17727
17727
17735
17735
17739
17740
17740
17742
17746
17747
17749
17756
17761
17765
17767
17768
17768
17773
17776
17781
17782
17783
17786
17786
17787
17793
17796
17802
17803
17803
17805
17806
17808
17809
17811
17814
17818
17818
17820
17822
17825
17830
17835
17845
17850
17853
17854
17855
17855
17857
17861
17861
17862
17865
17866
17867
17868
17876
17884
17893
17893
17894
17897
17897
17903
17908
17912
17921
17924
17930
17933
17933
17935
17936
17940
17940
17942
17944
17946
17949
17949
17954
17957
17962
17963
17964
17966
17975
17980
17981
17994
17995
18000
18000
18004
18012
18012
18019
18020
18020
18021
18023
18024
18025
18029
18030
18031
18033
18035
18040
18060
18064
18064
18066
18076
18078
18079
18089
18090
18091
18091
18094
18115
18118
18119
18123
18133
18133
18136
18137
18144
18145
18148
18149
18151
18153
18157
18162
18164
18165
18168
18171
18171
18173
18173
18181
18197
18199
18200
18200
18207
18207
18209
18210
18220
18223
18225
18226
18227
18228
18236
18237
18250
18260
18260
18264
18271
18274
18280
18281
18283
18288
18288
18288
18293
18294
18298
18300
18305
18307
18308
18309
18310
18317
18317
18318
18319
18324
18324
18325
18326
18327
18330
18331
18334
18344
18349
18351
18352
18354
18355
18357
18359
18360
18371
18372
18376
18378
18383
18388
18390
18391
18393
18394
18394
18401
18404
18408
18408
18411
18412
18418
18418
18427
18427
18428
18435
18436
18437
18442
18454
18455
18463
18466
18466
18467
18469
18470
18473
18474
18475
18488
18488
18494
18497
18503
18504
18506
18508
18511
18520
18521
18522
18532
18533
18539
18545
18546
18547
18554
18555
18556
18556
18559
18559
18560
18561
18562
18563
18567
18568
18572
18572
18578
18600
18603
18608
18609
18610
18610
18613
18620
18623
18626
18629
18633
18633
18636
18640
18642
18646
18647
18648
18651
18652
18659
18662
18662
18667
18669
18676
18677
18679
18683
18694
18695
18699
18700
18701
18705
18713
18719
18723
18730
18734
18738
18747
18754
18758
18760
18761
18761
18764
18764
18764
18765
18770
18770
18771
18772
18773
18778
18779
18781
18782
18787
18790
18792
18794
18795
18795
18804
18806
18808
18810
18813
18813
18818
18820
18824
18827
18827
18827
18828
18833
18837
18841
18847
18850
18850
18852
18854
18865
18870
18871
18873
18875
18882
18882
18883
18885
18888
18890
18890
18896
18907
18912
18914
18921
18933
18938
18949
18956
18964
18970
18988
18990
18992
18996
19005
19011
19011
19012
19017
19019
19023
19024
19041
19042
19043
19046
19050
19053
19062
19064
19069
19070
19070
19072
19075
19084
19092
19093
19098
19098
19099
19104
19106
19107
19107
19114
19116
19125
19127
19132
19133
19134
19135
19135
19136
19140
19142
19143
19148
19158
19161
19162
19164
19165
19168
19171
19172
19181
19182
19185
19190
19190
19192
19194
19198
19202
19204
19207
19212
19216
19218
19223
19227
19228
19232
19236
19242
19244
19256
19257
19265
19266
19268
19269
19270
19271
19274
19283
19284
19287
19292
19294
19302
19305
19307
19310
19311
19311
19334
19342
19343
19347
19349
19351
19358
19360
19361
19367
19375
19380
19383
19383
19383
19392
19396
19399
19407
19413
19414
19414
19415
19419
19421
19423
19426
19431
19431
19433
19434
19446
19452
19457
19461
19462
19465
19467
19473
19473
19477
19479
19481
19486
19490
19493
19499
19499
19500
19503
19503
19505
19508
19510
19512
19513
19516
19525
19528
19535
19536
19537
19540
19553
19553
19556
19557
19558
19563
19566
19569
19573
19573
19575
19575
19581
19587
19587
19589
19591
19599
19613
19618
19635
19637
19639
19643
19644
19647
19654
19657
19659
19662
19666
19669
19672
19677
19677
19680
19683
19684
19692
19694
19696
19700
19707
19707
19709
19710
19711
19717
19721
19723
19725
19728
19737
19747
19754
19755
19756
19771
19774
19774
19775
19775
19776
19778
19778
19778
19787
19787
19789
19790
19791
19801
19805
19807
19809
19814
19825
19830
19831
19832
19835
19835
19842
19855
19856
19861
19865
19866
19867
19872
19874
19876
19881
19886
19888
19898
19902
19903
19906
19911
19915
19922
19924
19928
19930
19930
19930
19930
19935
19936
19937
19941
19941
19945
19947
19957
19959
19964
19969
19987
19988
19994
19995
19996
20004
20008
20009
20019
20021
20023
20024
20027
20027
20031
20034
20038
20050
20052
20052
20052
20054
20056
20059
20061
20068
20077
20079
20080
20083
20083
20093
20094
20096
20097
20107
20109
20111
20131
20140
20141
20144
20146
20152
20153
20159
20160
20162
20162
20164
20167
20169
20170
20173
20176
20183
20186
20191
20194
20195
20197
20199
20200
20201
20204
20204
20209
20210
20211
20214
20216
20216
20222
20223
20224
20236
20238
20238
20239
20239
20240
20244
20247
20249
20251
20251
20258
20260
20268
20284
20286
20297
20297
20298
20299
20303
20306
20307
20311
20312
20313
20313
20315
20316
20320
20320
20321
20323
20323
20323
20324
20326
20328
20330
20332
20336
20337
20337
20341
20342
20347
20364
20366
20368
20369
20377
20379
20388
20388
20394
20398
20403
20403
20406
20411
20411
20415
20415
20415
20416
20417
20425
20426
20429
20429
20431
20436
20436
20437
20437
20444
20445
20448
20452
20453
20455
20459
20464
20470
20474
20480
20481
20485
20491
20493
20502
20502
20505
20509
20515
20516
20518
20519
20519
20530
20536
20540
20540
20542
20544
20547
20548
20550
20551
20552
20556
20557
20558
20562
20562
20563
20563
20564
20567
20570
20573
20579
20579
20583
20585
20588
20591
20596
20597
20608
20609
20609
20610
20610
20612
20612
20616
20623
20623
20624
20625
20631
20631
20633
20634
20636
20636
20643
20644
20647
20653
20655
20655
20657
20658
20659
20666
20667
20669
20674
20675
20679
20687
20690
20692
20693
20694
20694
20695
20702
20702
20705
20707
20710
20714
20719
20719
20723
20725
20725
20726
20732
20737
20739
20747
20753
20757
20758
20762
20763
20764
20765
20766
20767
20767
20770
20771
20772
20772
20773
20775
20780
20792
20794
20795
20798
20798
20803
20805
20805
20806
20815
20825
20833
20834
20835
20836
20840
20843
20850
20850
20853
20857
20858
20861
20862
20865
20866
20867
20869
20875
20878
20879
20885
20886
20887
20893
20894
20895
20903
20905
20908
20909
20915
20921
20927
20933
20933
20934
20935
20943
20952
20953
20959
20966
20970
20972
20975
20980
20983
20984
20985
20987
20988
20989
20998
21007
21009
21017
21019
21023
21025
21026
21026
21027
21031
21035
21036
21038
21049
21051
21057
21058
21061
21068
21068
21075
21075
21077
21080
21081
21084
21085
21088
21089
21094
21094
21095
21095
21098
21098
21099
21112
21113
21117
21118
21119
21125
21128
21130
21133
21133
21135
21135
21140
21144
21151
21155
21157
21160
21169
21172
21173
21181
21184
21187
21194
21198
21198
21199
21204
21208
21209
21214
21221
21224
21230
21230
21234
21237
21242
21246
21249
21250
21253
21255
21263
21263
21268
21269
21271
21271
21271
21272
21272
21278
21280
21281
21284
21288
21293
21296
21299
21306
21312
21317
21318
21322
21327
21334
21338
21338
21343
21343
21344
21346
21347
21347
21348
21353
21355
21356
21359
21359
21363
21364
21364
21364
21365
21365
21371
21372
21373
21379
21379
21379
21382
21382
21393
21394
21395
21398
21402
21403
21407
21409
21412
21420
21421
21438
21438
21448
21454
21457
21459
21462
21474
21476
21477
21486
21492
21495
21500
21501
21502
21503
21505
21515
21526
21529
21530
21533
21540
21542
21542
21546
21550
21559
21561
21562
21565
21567
21569
21575
21577
21581
21582
21584
21588
21591
21595
21618
21619
21622
21623
21623
21624
21626
21629
21636
21637
21637
21640
21641
21643
21645
21647
21654
21655
21658
21665
21665
21676
21685
21693
21700
21708
21709
21714
21715
21724
21726
21728
21732
21740
21745
21751
21754
21755
21759
21760
21764
21766
21770
21771
21789
21790
21793
21793
21795
21798
21798
21801
21804
21809
21810
21815
21817
21819
21822
21829
21835
21836
21843
21847
21849
21850
21854
21857
21860
21861
21866
21872
21880
21880
21881
21897
21899
21901
21904
21906
21909
21910
21911
21915
21915
21916
21916
21922
21922
21923
21924
21928
21928
21932
21933
21938
21939
21942
21944
21945
21950
21951
21952
21962
21970
21970
21973
21975
21976
21985
21985
21989
21990
21993
22005
22006
22009
22013
22014
22018
22020
22027
22029
22032
22033
22036
22036
22044
22048
22050
22050
22051
22055
22056
22058
22060
22060
22061
22062
22064
22069
22070
22071
22072
22075
22075
22085
22088
22090
22091
22092
22100
22101
22102
22103
22103
22107
22114
22115
22117
22118
22119
22121
22123
22123
22126
22128
22132
22134
22140
22140
22154
22156
22160
22167
22177
22178
22179
22181
22188
22191
22192
22198
22203
22203
22208
22208
22212
22213
22216
22224
22228
22230
22231
22232
22245
22249
22257
22259
22266
22272
22274
22275
22278
22278
22288
22288
22289
22293
22294
22295
22295
22295
22296
22301
22311
22316
22317
22319
22322
22326
22329
22331
22334
22334
22334
22335
22343
22343
22345
22355
22356
22357
22359
22363
22365
22366
22366
22370
22373
22375
22377
22384
22384
22388
22392
22392
22392
22396
22400
22401
22402
22408
22409
22409
22419
22424
22424
22424
22435
22441
22441
22443
22445
22445
22447
22448
22449
22451
22458
22461
22467
22482
22484
22487
22495
22495
22496
22496
22505
22515
22515
22516
22517
22521
22521
22526
22531
22533
22537
22539
22546
22547
22552
22553
22563
22566
22570
22570
22574
22576
22576
22579
22580
22583
22585
22587
22589
22590
22592
22594
22596
22596
22598
22598
22603
22604
22604
22608
22609
22609
22610
22616
22617
22622
22626
22629
22633
22634
22638
22638
22645
22649
22651
22652
22654
22655
22657
22667
22669
22670
22672
22675
22677
22679
22682
22686
22687
22687
22695
22695
22696
22699
22706
22714
22727
22729
22731
22738
22743
22746
22750
22752
22756
22760
22761
22762
22762
22767
22779
22782
22784
22787
22787
22789
22791
22792
22792
22798
22804
22806
22814
22816
22817
22818
22825
22826
22826
22835
22850
22850
22853
22854
22862
22869
22870
22872
22882
22883
22884
22889
22890
22890
22890
22893
22894
22894
22896
22898
22905
22907
22912
22914
22914
22918
22927
22935
22937
22943
22948
22949
22951
22953
22954
22955
22955
22956
22964
22971
22974
22974
22989
22989
22990
22995
23002
23008
23009
23010
23013
23015
23016
23027
23029
23038
23038
23043
23048
23051
23051
23053
23064
23070
23076
23076
23079
23083
23085
23085
23090
23094
23095
23100
23100
23100
23104
23112
23116
23117
23117
23122
23122
23123
23127
23133
23133
23134
23139
23144
23144
23154
23156
23159
23161
23166
23173
23178
23180
23185
23191
23193
23194
23197
23197
23199
23201
23202
23202
23205
23208
23209
23213
23216
23217
23218
23225
23226
23227
23233
23238
23247
23249
23251
23259
23263
23264
23267
23270
23270
23271
23271
23273
23274
23281
23282
23288
23296
23300
23301
23303
23305
23320
23324
23333
23334
23338
23342
23344
23345
23354
23356
23362
23364
23365
23365
23365
23367
23367
23379
23382
23382
23384
23385
23389
23391
23409
23409
23413
23414
23414
23419
23425
23427
23428
23429
23430
23434
23443
23444
23446
23446
23449
23452
23452
23452
23456
23457
23461
23462
23464
23476
23476
23478
23482
23485
23485
23487
23489
23490
23496
23496
23498
23501
23512
23512
23513
23515
23516
23518
23521
23525
23528
23532
23533
23552
23553
23554
23559
23562
23562
23566
23568
23577
23580
23587
23592
23594
23595
23612
23614
23614
23617
23617
23620
23630
23636
23637
23638
23643
23663
23666
23666
23669
23672
23673
23675
23676
23677
23679
23684
23686
23688
23688
23690
23712
23713
23714
23725
23729
23730
23732
23733
23735
23742
23746
23746
23747
23753
23754
23756
23758
23762
23762
23770
23772
23772
23773
23779
23780
23789
23790
23792
23797
23799
23804
23808
23810
23812
23813
23814
23815
23819
23820
23825
23830
23830
23846
23850
23855
23858
23863
23864
23866
23869
23873
23873
23877
23881
23881
23882
23888
23901
23914
23916
23917
23919
23920
23925
23929
23932
23934
23939
23942
23942
23950
23953
23954
23954
23956
23966
23967
23968
23977
23981
23982
23984
23984
23985
23985
23988
23989
23989
23991
23993
23994
23995
23995
24000
24005
24012
24013
24017
24018
24020
24025
24025
24033
24034
24039
24039
24042
24043
24047
24058
24059
24060
24063
24064
24067
24069
24070
24072
24077
24077
24079
24086
24089
24089
24094
24096
24097
24100
24103
24106
24107
24122
24125
24133
24133
24138
24150
24151
24152
24152
24153
24157
24159
24161
24164
24164
24179
24183
24189
24192
24194
24212
24214
24225
24229
24237
24237
24238
24239
24244
24244
24245
24249
24257
24260
24261
24278
24283
24286
24290
24292
24295
24297
24301
24303
24304
24312
24320
24320
24321
24322
24323
24324
24327
24333
24334
24335
24337
24343
24346
24348
24348
24349
24352
24358
24362
24362
24362
24363
24364
24373
24379
24379
24382
24382
24382
24383
24384
24390
24394
24397
24399
24400
24402
24402
24403
24406
24412
24417
24418
24424
24425
24428
24432
24432
24441
24443
24443
24447
24448
24449
24450
24451
24451
24455
24455
24456
24462
24466
24468
24470
24470
24472
24478
24484
24485
24492
24498
24507
24510
24512
24518
24520
24523
24523
24524
24524
24527
24528
24531
24536
24540
24542
24545
24551
24553
24555
24557
24561
24563
24567
24570
24575
24588
24594
24594
24595
24596
24599
24600
24602
24604
24606
24610
24610
24618
24619
24623
24628
24630
24632
24633
24639
24650
24650
24653
24654
24661
24662
24665
24668
24669
24673
24673
24673
24673
24676
24678
24682
24683
24686
24686
24691
24692
24695
24697
24697
24700
24701
24702
24705
24706
24708
24712
24713
24717
24718
24721
24730
24737
24740
24741
24748
24758
24759
24759
24759
24779
24781
24784
24788
24791
24801
24803
24806
24806
24807
24809
24812
24816
24816
24818
24825
24828
24829
24830
24836
24843
24845
24850
24851
24852
24856
24858
24872
24872
24874
24887
24890
24894
24897
24898
24904
24918
24920
24925
24935
24936
24943
24948
24950
24956
24960
24961
24965
24967
24968
24968
24971
24974
24974
24976
24977
24980
24988
24991
24992
24994
24994
24996
25001
25003
25005
25007
25007
25011
25015
25015
25027
25027
25031
25035
25040
25041
25042
25043
25045
25048
25050
25052
25053
25054
25055
25057
25060
25061
25064
25073
25076
25081
25082
25089
25091
25097
25109
25110
25117
25120
25125
25134
25135
25138
25140
25160
25162
25165
25165
25171
25175
25178
25184
25186
25186
25187
25189
25192
25196
25197
25202
25204
25212
25214
25215
25216
25220
25223
25226
25227
25237
25243
25243
25250
25254
25254
25257
25258
25262
25262
25266
25266
25266
25268
25269
25282
25292
25300
25300
25301
25304
25309
25310
25310
25313
25313
25314
25320
25330
25334
25337
25339
25341
25343
25344
25347
25350
25357
25359
25361
25362
25365
25371
25373
25374
25376
25385
25390
25393
25400
25408
25417
25418
25419
25423
25424
25425
25429
25429
25434
25440
25441
25442
25448
25450
25451
25454
25467
25472
25477
25479
25489
25490
25492
25495
25496
25498
25503
25504
25505
25506
25514
25518
25526
25533
25533
25541
25541
25542
25551
25552
25553
25556
25557
25558
25559
25562
25563
25566
25567
25569
25576
25578
25579
25583
25591
25599
25606
25608
25609
25617
25619
25622
25625
25634
25636
25637
25639
25644
25644
25650
25653
25656
25662
25671
25682
25690
25690
25693
25700
25701
25701
25702
25703
25704
25712
25716
25718
25718
25724
25729
25732
25734
25742
25744
25744
25744
25745
25746
25746
25748
25753
25753
25755
25762
25766
25771
25777
25781
25782
25785
25785
25788
25791
25803
25805
25811
25818
25820
25821
25823
25832
25833
25841
25843
25845
25851
25856
25861
25861
25868
25868
25872
25873
25883
25889
25890
25894
25894
25895
25898
25898
25903
25907
25908
25911
25913
25916
25919
25928
25934
25936
25941
25942
25945
25953
25958
25963
25964
25966
25966
25970
25975
25975
25977
25978
25979
25980
25982
25987
25989
25989
25998
26001
26002
26006
26007
26011
26012
26015
26016
26019
26019
26021
26021
26028
26032
26032
26033
26035
26043
26054
26055
26058
26059
26059
26073
26077
26078
26084
26087
26092
26093
26094
26096
26097
26100
26102
26105
26106
26108
26117
26123
26124
26126
26127
26130
26132
26132
26136
26142
26144
26150
26151
26151
26152
26160
26164
26170
26171
26176
26182
26183
26183
26184
26186
26188
26188
26190
26190
26191
26195
26196
26204
26211
26211
26212
26216
26216
26221
26227
26232
26233
26235
26235
26239
26240
26253
26254
26260
26267
26278
26278
26284
26285
26285
26287
26290
26293
26295
26296
26299
26301
26302
26302
26305
26306
26307
26307
26309
26318
26322
26323
26333
26335
26338
26341
26341
26343
26346
26349
26353
26354
26360
26366
26372
26373
26375
26377
26378
26378
26379
26381
26389
26392
26394
26400
26405
26407
26408
26411
26414
26414
26419
26419
26423
26426
26427
26427
26429
26431
26432
26432
26434
26436
26446
26453
26453
26456
26460
26465
26466
26466
26467
26468
26468
26469
26471
26472
26475
26477
26478
26478
26481
26482
26487
26491
26492
26493
26501
26502
26508
26514
26516
26517
26518
26518
26526
26530
26530
26534
26535
26535
26537
26539
26548
26550
26560
26562
26563
26565
26566
26567
26567
26567
26575
26582
26585
26589
26590
26592
26592
26595
26595
26610
26610
26611
26615
26616
26616
26616
26619
26619
26621
26622
26623
26624
26626
26635
26639
26643
26649
26650
26652
26653
26665
26668
26672
26677
26678
26683
26687
26689
26691
26697
26698
26701
26702
26712
26719
26724
26725
26733
26743
26744
26750
26751
26755
26756
26758
26765
26771
26774
26781
26782
26784
26789
26792
26795
26799
26800
26804
26806
26818
26818
26820
26824
26825
26826
26827
26828
26828
26841
26844
26845
26850
26863
26864
26865
26865
26874
26876
26877
26878
26881
26886
26889
26891
26893
26893
26898
26900
26901
26903
26908
26909
26911
26925
26930
26931
26932
26938
26945
26945
26946
26946
26946
26955
26959
26964
26965
26973
26973
26974
26976
26977
26982
26985
26986
26998
27004
27004
27006
27009
27010
27011
27011
27013
27015
27017
27018
27026
27027
27029
27029
27032
27034
27034
27037
27043
27054
27056
27065
27067
27073
27074
27080
27081
27087
27091
27093
27099
27110
27110
27113
27114
27115
27119
27120
27121
27124
27126
27126
27129
27135
27139
27140
27141
27143
27144
27146
27148
27154
27155
27155
27157
27162
27162
27167
27174
27178
27178
27180
27181
27183
27185
27188
27189
27193
27194
27196
27196
27198
27198
27199
27205
27208
27209
27224
27238
27239
27240
27243
27245
27251
27253
27255
27259
27260
27265
27272
27274
27277
27279
27281
27282
27284
27286
27289
27289
27290
27290
27295
27302
27303
27304
27308
27318
27319
27321
27327
27329
27334
27335
27342
27342
27352
27353
27360
27361
27362
27364
27370
27375
27384
27390
27391
27396
27396
27399
27413
27422
27424
27427
27432
27433
27437
27438
27440
27441
27450
27459
27462
27463
27466
27467
27471
27472
27475
27476
27477
27480
27485
27486
27486
27487
27497
27500
27501
27501
27515
27517
27521
27522
27523
27525
27525
27528
27534
27535
27536
27537
27540
27542
27555
27556
27560
27562
27563
27566
27566
27569
27569
27577
27584
27585
27588
27593
27603
27607
27607
27608
27611
27622
27629
27630
27631
27632
27633
27639
27649
27650
27655
27659
27666
27681
27683
27685
27688
27689
27689
27690
27693
27693
27694
27697
27698
27699
27704
27710
27716
27720
27722
27722
27726
27728
27728
27728
27732
27732
27737
27741
27741
27742
27744
27744
27744
27747
27748
27749
27754
27754
27759
27759
27762
27763
27765
27765
27769
27770
27771
27776
27779
27779
27779
27784
27786
27787
27787
27790
27793
27805
27815
27816
27816
27818
27822
27828
27829
27833
27839
27839
27844
27844
27845
27847
27847
27850
27851
27852
27857
27858
27859
27860
27864
27866
27867
27871
27873
27879
27881
27900
27900
27901
27901
27902
27902
27907
27909
27916
27921
27921
27922
27923
27925
27925
27928
27930
27934
27938
27939
27945
27952
27954
27957
27962
27967
27968
27975
27976
27978
27981
27984
27985
27985
27986
27986
27990
27991
27992
27993
27995
28006
28013
28015
28020
28020
28021
28023
28023
28028
28030
28033
28044
28046
28049
28049
28050
28056
28061
28063
28065
28065
28069
28073
28073
28076
28077
28078
28079
28081
28081
28086
28096
28105
28106
28106
28114
28114
28123
28126
28130
28134
28135
28138
28145
28149
28151
28159
28161
28164
28164
28164
28167
28168
28169
28173
28176
28177
28177
28177
28179
28180
28185
28187
28190
28192
28196
28198
28199
28200
28200
28202
28211
28217
28221
28221
28222
28226
28232
28235
28236
28236
28238
28239
28252
28252
28253
28254
28255
28258
28258
28270
28280
28282
28283
28284
28307
28318
28323
28324
28324
28327
28327
28328
28331
28343
28344
28348
28354
28354
28360
28364
28365
28368
28372
28373
28373
28374
28379
28381
28381
28382
28384
28387
28393
28394
28397
28404
28409
28411
28413
28415
28420
28422
28434
28436
28437
28439
28440
28440
28443
28445
28446
28451
28451
28452
28454
28456
28458
28459
28464
28467
28469
28469
28472
28474
28475
28484
28484
28487
28487
28488
28491
28492
28496
28497
28499
28509
28511
28514
28515
28518
28521
28524
28525
28527
28529
28531
28531
28535
28544
28552
28553
28556
28560
28563
28563
28565
28565
28566
28566
28566
28570
28571
28577
28578
28578
28581
28583
28590
28610
28611
28614
28616
28620
28622
28629
28632
28638
28643
28648
28650
28657
28660
28665
28668
28674
28674
28676
28680
28683
28692
28697
28698
28699
28707
28711
28712
28715
28715
28716
28716
28721
28723
28725
28732
28736
28741
28751
28752
28752
28752
28759
28762
28764
28767
28770
28774
28775
28776
28781
28786
28788
28792
28794
28806
28815
28819
28819
28822
28822
28826
28832
28835
28835
28839
28845
28848
28850
28854
28854
28857
28858
28861
28862
28863
28865
28868
28869
28870
28872
28875
28875
28876
28877
28879
28880
28880
28883
28889
28889
28892
28900
28902
28909
28910
28910
28912
28917
28918
28921
28925
28926
28928
28936
28938
28939
28942
28943
28944
28944
28944
28945
28946
28959
28962
28965
28966
28968
28968
28969
28974
28974
28975
28984
28984
28985
28991
28991
28993
28997
29007
29012
29015
29016
29022
29030
29031
29032
29033
29034
29035
29042
29053
29054
29054
29055
29057
29061
29065
29066
29072
29078
29084
29094
29095
29100
29113
29121
29123
29124
29140
29140
29148
29148
29152
29154
29163
29165
29169
29174
29191
29195
29195
29202
29202
29202
29207
29213
29215
29216
29216
29218
29222
29222
29224
29235
29236
29237
29240
29241
29245
29249
29260
29265
29284
29284
29285
29288
29290
29297
29298
29301
29304
29306
29308
29315
29316
29319
29320
29322
29324
29333
29343
29345
29347
29348
29351
29355
29357
29361
29363
29365
29367
29374
29378
29391
29396
29401
29402
29408
29409
29409
29410
29417
29418
29421
29423
29426
29435
29436
29437
29438
29443
29443
29443
29449
29451
29451
29453
29458
29460
29461
29462
29462
29474
29477
29483
29491
29492
29492
29496
29497
29497
29498
29500
29500
29501
29515
29515
29525
29530
29534
29535
29539
29546
29550
29559
29566
29570
29571
29576
29576
29576
29585
29585
29594
29595
29599
29599
29600
29604
29611
29614
29620
29621
29625
29625
29625
29627
29628
29638
29640
29641
29642
29643
29646
29647
29648
29648
29659
29659
29660
29662
29662
29665
29674
29675
29676
29686
29689
29691
29692
29704
29706
29707
29708
29710
29710
29719
29720
29725
29726
29729
29731
29731
29734
29739
29746
29747
29752
29752
29753
29755
29756
29760
29764
29766
29766
29775
29775
29776
29776
29778
29783
29787
29796
29799
29800
29803
29805
29806
29806
29808
29820
29822
29828
29830
29833
29833
29834
29834
29836
29837
29843
29849
29859
29861
29865
29869
29871
29891
29897
29897
29900
29904
29905
29907
29908
29916
29919
29922
29926
29926
29927
29928
29933
29935
29938
29939
29940
29942
29946
29947
29948
29948
29951
29954
29968
29969
29971
29973
29978
29988
29993
30002
30007
30011
30012
30037
30040
30043
30046
30047
30048
30053
30057
30057
30057
30058
30065
30067
30067
30069
30069
30072
30076
30078
30082
30087
30089
30090
30092
30093
30096
30096
30108
30118
30125
30127
30146
30154
30154
30157
30160
30160
30166
30170
30171
30171
30175
30177
30181
30182
30186
30188
30188
30192
30194
30198
30198
30200
30202
30203
30207
30207
30208
30209
30209
30215
30219
30223
30231
30232
30233
30241
30243
30243
30247
30252
30259
30262
30262
30269
30271
30279
30284
30287
30290
30291
30291
30291
30293
30293
30297
30297
30302
30304
30304
30306
30311
30313
30315
30316
30317
30317
30322
30334
30349
30355
30358
30360
30361
30361
30362
30366
30366
30369
30371
30373
30382
30386
30390
30391
30399
30399
30402
30405
30412
30413
30415
30417
30428
30432
30436
30439
30439
30440
30447
30452
30453
30454
30467
30467
30473
30483
30486
30492
30496
30497
30506
30507
30512
30513
30519
30519
30519
30520
30520
30523
30525
30526
30529
30531
30534
30534
30534
30536
30537
30538
30539
30546
30548
30548
30554
30554
30556
30571
30576
30577
30577
30581
30581
30586
30589
30594
30598
30599
30603
30604
30609
30610
30614
30614
30616
30616
30621
30625
30629
30632
30633
30634
30641
30644
30645
30645
30645
30649
30658
30663
30674
30680
30685
30685
30685
30697
30699
30703
30709
30714
30716
30729
30729
30729
30730
30730
30736
30737
30737
30737
30739
30741
30744
30745
30749
30750
30759
30761
30765
30765
30767
30767
30769
30771
30771
30778
30783
30784
30789
30798
30799
30802
30803
30804
30804
30807
30807
30808
30811
30823
30827
30827
30830
30836
30841
30841
30845
30846
30847
30848
30848
30851
30868
30878
30887
30893
30894
30895
30896
30896
30897
30901
30905
30912
30917
30920
30934
30936
30938
30940
30940
30961
30967
30972
30974
30975
30977
30983
30985
30988
30990
30991
30992
30993
30993
30998
31001
31003
31004
31007
31010
31011
31016
31017
31026
31026
31030
31035
31038
31043
31044
31047
31047
31050
31054
31055
31056
31056
31057
31071
31076
31076
31079
31081
31082
31083
31084
31085
31086
31092
31094
31096
31107
31109
31110
31112
31112
31118
31126
31134
31139
31142
31145
31147
31148
31151
31152
31154
31155
31163
31163
31165
31170
31173
31174
31174
31176
31191
31191
31193
31195
31196
31197
31198
31200
31201
31201
31201
31201
31203
31206
31212
31215
31215
31222
31222
31226
31230
31240
31241
31242
31251
31252
31253
31254
31255
31263
31270
31274
31275
31275
31275
31276
31287
31293
31298
31303
31305
31307
31307
31312
31320
31328
31330
31334
31339
31340
31346
31351
31361
31365
31368
31372
31373
31375
31375
31379
31388
31389
31389
31395
31396
31408
31414
31419
31422
31422
31425
31432
31435
31438
31442
31444
31449
31452
31459
31462
31462
31471
31474
31474
31478
31480
31482
31483
31484
31488
31488
31489
31493
31493
31496
31498
31505
31510
31512
31513
31514
31520
31527
31531
31531
31532
31535
31537
31540
31542
31543
31547
31551
31557
31557
31558
31561
31563
31564
31571
31574
31578
31581
31581
31590
31593
31609
31611
31611
31611
31626
31631
31632
31633
31639
31641
31643
31645
31648
31648
31651
31655
31656
31658
31666
31670
31671
31672
31674
31674
31675
31682
31684
31691
31701
31711
31713
31716
31718
31724
31731
31731
31731
31734
31748
31751
31753
31760
31760
31765
31774
31775
31780
31782
31786
31789
31789
31789
31791
31791
31796
31802
31807
31811
31821
31822
31827
31829
31829
31831
31837
31839
31839
31841
31844
31845
31846
31851
31851
31855
31859
31863
31864
31866
31875
31878
31878
31879
31886
31886
31887
31890
31894
31894
31898
31900
31903
31907
31907
31909
31909
31910
31915
31922
31922
31924
31925
31926
31927
31928
31932
31938
31939
31939
31943
31945
31952
31953
31958
31965
31970
31971
31972
31973
31979
31981
31982
31983
31985
31985
31987
31991
31997
32001
32002
32011
32012
32012
32018
32018
32021
32022
32023
32023
32032
32033
32037
32046
32048
32053
32054
32055
32058
32063
32063
32068
32068
32068
32073
32073
32076
32077
32080
32083
32085
32088
32088
32092
32095
32098
32099
32104
32110
32114
32118
32119
32120
32121
32127
32129
32139
32143
32156
32160
32160
32163
32170
32175
32178
32179
32189
32190
32194
32195
32197
32197
32200
32201
32203
32205
32208
32211
32212
32213
32214
32216
32220
32223
32236
32238
32251
32254
32256
32261
32262
32262
32265
32267
32267
32271
32275
32277
32277
32278
32280
32287
32303
32304
32305
32307
32320
32322
32324
32326
32332
32332
32335
32339
32344
32346
32346
32348
32349
32350
32352
32352
32354
32357
32359
32361
32375
32382
32382
32389
32392
32395
32401
32406
32410
32410
32411
32412
32417
32427
32430
32431
32433
32434
32434
32438
32440
32446
32451
32451
32454
32454
32458
32463
32469
32470
32470
32471
32472
32478
32484
32486
32489
32495
32497
32498
32503
32504
32505
32506
32507
32508
32509
32512
32517
32525
32530
32534
32535
32535
32536
32543
32544
32553
32554
32555
32555
32555
32557
32559
32565
32571
32572
32578
32583
32590
32593
32594
32595
32598
32598
32599
32601
32601
32602
32606
32610
32612
32612
32613
32614
32616
32621
32629
32632
32636
32636
32638
32639
32643
32645
32647
32648
32648
32651
32654
32655
32663
32664
32666
32666
32671
32674
32678
32680
32685
32685
32686
32687
32687
32693
32697
32698
32701
32710
32713
32722
32723
32724
32729
32729
32729
32737
32739
32739
32741
32751
32754
32765
32765
32765
Total time for Sort function is :0.002
