16721
2518
27017
17243
7443
9363
12678
15364
30072
14213
31375
22670
16683
22458
23112
6559
31112
26414
141
11821
5633
12955
11774
8175
22208
8594
29627
9233
8845
11467
8300
25644
31731
3770
32389
21365
20894
25186
18376
25653
11784
9326
29195
12665
2645
19070
14651
28938
18555
25791
2721
16799
6309
32190
13668
10578
19930
11390
1103
22609
26073
3272
9429
982
18504
4546
32594
27993
270
26307
25748
27140
31230
21094
13466
32359
30645
20445
25243
25197
24005
21128
31307
398
32275
26566
2649
19271
30589
11020
6204
26567
26560
16436
303
9452
29849
18455
27770
12141
28715
861
13044
27737
7329
6036
24518
1728
21268
10880
11889
1455
4527
18354
10771
32354
13585
17500
20966
14006
24818
5476
26377
19421
23562
19383
18307
12629
25390
10976
31365
7195
14269
3545
20975
11804
27962
3617
17686
30188
14906
8462
26820
5818
20609
8037
10369
11396
104
27432
9489
16519
11138
10159
23614
25082
19070
14330
32216
14075
2639
30534
4601
6602
17547
24542
21645
5685
22289
5172
27154
23379
7919
32304
20893
30069
6787
30920
14366
25690
30432
14289
4324
24994
3186
25109
5988
27525
3814
4517
7734
26565
29764
11889
20320
29409
22366
22293
16855
12172
22894
19446
2115
10845
18171
4238
7427
9672
1020
14084
20337
25165
832
2560
5735
14063
19725
2237
27650
3560
22792
26976
5797
6555
16212
5512
833
21962
1278
21798
5332
10505
1945
7055
3376
14963
19493
10959
29438
20379
13622
320
6402
18118
25682
17756
10913
343
19098
9168
24992
21130
11436
21457
18734
18021
7625
13747
12837
21740
13875
16312
15501
21909
2265
11558
6754
18171
7222
9116
28566
16086
27255
17061
29530
5675
11484
20878
13978
9664
30304
32629
13254
9939
24988
27043
3032
3083
21993
23580
5267
26287
10181
115
7176
11286
6264
28387
1375
28511
30967
21916
8916
25442
29704
10843
28928
14565
17319
6717
5978
11540
21928
11221
20989
23595
9119
18300
10412
11382
16893
6632
5907
25979
27259
1281
2639
18294
1468
4847
22449
14085
30765
8056
4287
20773
13873
11145
22652
31581
25467
3858
7658
17465
442
32023
24524
10234
29308
3589
23984
3468
20556
17474
23085
4024
25374
16135
21098
26267
13294
3954
20191
1367
931
25559
12640
16392
10553
32088
9303
3578
6943
9141
3921
15385
10206
2917
13500
9128
8700
25061
23790
14646
800
29776
12906
1998
19062
9264
13151
27759
6741
7827
23666
9659
22816
2402
28861
3059
22890
6895
792
1315
19805
20429
9367
2458
2396
13028
23636
19613
23015
27588
19566
23901
28863
1850
10321
21542
11595
11809
24632
24536
17467
15995
9713
18331
2667
31425
12000
13519
26378
17271
22343
22850
12539
3842
2757
17830
31611
5054
5660
1090
5637
22604
17975
19431
17266
7721
30827
24358
27749
23173
32765
27584
20710
12626
1252
32350
32077
9883
16337
24194
1634
31255
14189
26302
20674
24830
25313
11556
26501
4635
21916
4093
9757
22563
22608
31422
14721
7749
4926
30519
15500
11010
11700
24334
29599
32063
1748
16748
27534
32664
27542
20726
32698
1528
28177
28159
2938
18790
16886
8443
19136
22050
16989
6455
11769
8177
1220
968
9524
12469
7508
20162
9863
9536
30823
11434
29614
27754
27976
27693
25334
31841
28217
30737
12122
29249
31163
4973
5099
20453
12553
9749
13941
19452
14310
11609
9567
26719
16792
9455
27859
17058
28469
31789
1823
21224
25373
27515
11355
3324
11720
15881
17740
6046
30658
25533
1417
3611
3315
24432
28892
33
11556
25945
20459
9168
17855
15817
22552
28180
30934
16409
2725
1331
5479
31201
3868
16802
25823
22123
3310
12573
29148
23144
18522
20470
11319
18401
1680
27822
3650
15984
32023
27074
10062
11183
20588
20935
12145
8177
26092
29113
2182
23344
3315
28049
20596
9799
17222
789
26804
19553
6318
28404
5901
18610
30182
10258
9122
31845
19127
25889
6191
213
26466
8305
1168
27135
1342
3593
27779
3384
17058
14326
17070
8219
5637
13539
5348
17350
31844
11498
19876
20550
26341
8362
12002
29775
11193
9882
27146
32048
32326
4764
31043
23303
12934
15318
7665
13617
20394
21693
10365
8965
13828
2418
27992
23746
23587
22610
2877
30917
26432
22729
26295
2304
8921
25702
32484
11431
7067
22069
32632
27180
24965
21577
13316
25966
13643
22424
16505
17966
9464
26124
17128
25282
23512
13014
17035
781
10645
6406
4105
20398
1184
9304
31478
16760
3026
7249
153
9506
19284
17803
22515
1856
18620
19790
32508
7282
6776
4959
11568
31196
3696
17949
20298
12758
9191
1225
28752
10468
23714
31782
13263
14056
10573
12610
17768
26774
29978
28307
24971
29993
5291
1861
23427
15444
7218
25811
17587
24700
24791
4821
6431
20772
10586
15641
5422
22953
20985
21492
6318
2095
26516
19162
15128
219
32271
9517
29973
4419
17912
17747
834
6178
9577
12811
26160
5457
22576
17921
9136
30194
23342
32160
11597
28910
9981
22311
4121
1955
32214
30975
20909
32470
20657
4684
7787
25583
32685
10690
11526
29285
31155
20153
31557
28023
32598
24708
18435
16925
3326
24575
28283
1342
12358
32616
1730
8739
19618
25712
28565
19756
4933
20625
9557
3777
12866
9121
2640
31372
32497
27816
1090
26341
8084
31983
4892
14478
30778
12633
17667
5793
24292
26102
11164
6854
23271
18390
13959
20905
29585
31003
5929
8108
21007
15186
4527
24025
14990
5124
24399
17178
8353
8071
1489
28076
23267
1562
18511
8401
14813
18226
5433
2757
1578
20238
5531
9972
10712
2705
16803
4202
2322
27985
7774
22667
19964
7660
2242
13828
11231
15515
12785
8193
23942
30729
12476
10657
25320
25701
19558
12710
16903
18613
25771
14962
20247
22126
6913
32303
16355
32578
8478
4941
3693
23866
20666
13617
28372
24836
28822
1323
23675
14990
19133
22441
616
12244
30730
25003
746
22006
1258
23159
25215
24717
21347
25998
6644
31551
24150
22750
5070
24977
16897
13113
6377
10493
11719
22278
28767
28997
9012
23863
13995
28422
9788
5243
12303
1168
17091
180
6707
23797
2915
28331
16654
15712
30057
28674
23305
168
13856
21355
28770
28965
1363
27928
20943
29891
26893
17267
25189
16212
28323
29710
14519
32555
29940
25821
23362
14310
27632
5539
