33
104
115
141
153
168
180
213
219
270
303
320
343
398
442
616
746
781
789
792
800
832
833
834
861
931
968
982
1020
1090
1090
1103
1168
1168
1184
1220
1225
1252
1258
1278
1281
1315
1323
1331
1342
1342
1363
1367
1375
1417
1455
1468
1489
1528
1562
1578
1634
1680
1728
1730
1748
1823
1850
1856
1861
1945
1955
1998
2095
2115
2182
2237
2242
2265
2304
2322
2396
2402
2418
2458
2518
2560
2639
2639
2640
2645
2649
2667
2705
2721
2725
2757
2757
2877
2915
2917
2938
3026
3032
3059
3083
3186
3272
3310
3315
3315
3324
3326
3376
3384
3468
3545
3560
3578
3589
3593
3611
3617
3650
3693
3696
3770
3777
3814
3842
3858
3868
3921
3954
4024
4093
4105
4121
4202
4238
4287
4324
4419
4517
4527
4527
4546
4601
4635
4684
4764
4821
4847
4892
4926
4933
4941
4959
4973
5054
5070
5099
5124
5172
5243
5267
5291
5332
5348
5422
5433
5457
5476
5479
5512
5531
5539
5633
5637
5637
5660
5675
5685
5735
5793
5797
5818
5901
5907
5929
5978
5988
6036
6046
6178
6191
6204
6264
6309
6318
6318
6377
6402
6406
6431
6455
6555
6559
6602
6632
6644
6707
6717
6741
6754
6776
6787
6854
6895
6913
6943
7055
7067
7176
7195
7218
7222
7249
7282
7329
7427
7443
7508
7625
7658
7660
7665
7721
7734
7749
7774
7787
7827
7919
8037
8056
8071
8084
8108
8175
8177
8177
8193
8219
8300
8305
8353
8362
8401
8443
8462
8478
8594
8700
8739
8845
8916
8921
8965
9012
9116
9119
9121
9122
9128
9136
9141
9168
9168
9191
9233
9264
9303
9304
9326
9363
9367
9429
9452
9455
9464
9489
9506
9517
9524
9536
9557
9567
9577
9659
9664
9672
9713
9749
9757
9788
9799
9863
9882
9883
9939
9972
9981
10062
10159
10181
10206
10234
10258
10321
10365
10369
10412
10468
10493
10505
10553
10573
10578
10586
10645
10657
10690
10712
10771
10843
10845
10880
10913
10959
10976
11010
11020
11138
11145
11164
11183
11193
11221
11231
11286
11319
11355
11382
11390
11396
11431
11434
11436
11467
11484
11498
11526
11540
11556
11556
11558
11568
11595
11597
11609
11700
11719
11720
11769
11774
11784
11804
11809
11821
11889
11889
12000
12002
12122
12141
12145
12172
12244
12303
12358
12469
12476
12539
12553
12573
12610
12626
12629
12633
12640
12665
12678
12710
12758
12785
12811
12837
12866
12906
12934
12955
13014
13028
13044
13113
13151
13254
13263
13294
13316
13466
13500
13519
13539
13585
13617
13617
13622
13643
13668
13747
13828
13828
13856
13873
13875
13941
13959
13978
13995
14006
14056
14063
14075
14084
14085
14189
14213
14269
14289
14310
14310
14326
14330
14366
14478
14519
14565
14646
14651
14721
14813
14906
14962
14963
14990
14990
15128
15186
15318
15364
15385
15444
15500
15501
15515
15641
15712
15817
15881
15984
15995
16086
16135
16212
16212
16312
16337
16355
16392
16409
16436
16505
16519
16654
16683
16721
16748
16760
16792
16799
16802
16803
16855
16886
16893
16897
16903
16925
16989
17035
17058
17058
17061
17070
17091
17128
17178
17222
17243
17266
17267
17271
17319
17350
17465
17467
17474
17500
17547
17587
17667
17686
17740
17747
17756
17768
17803
17830
17855
17912
17921
17949
17966
17975
18021
18118
18171
18171
18226
18294
18300
18307
18331
18354
18376
18390
18401
18435
18455
18504
18511
18522
18555
18610
18613
18620
18734
18790
19062
19070
19070
19098
19127
19133
19136
19162
19271
19284
19383
19421
19431
19446
19452
19493
19553
19558
19566
19613
19618
19725
19756
19790
19805
19876
19930
19964
20153
20162
20191
20238
20247
20298
20320
20337
20379
20394
20398
20429
20445
20453
20459
20470
20550
20556
20588
20596
20609
20625
20657
20666
20674
20710
20726
20772
20773
20878
20893
20894
20905
20909
20935
20943
20966
20975
20985
20989
21007
21094
21098
21128
21130
21224
21268
21347
21355
21365
21457
21492
21542
21577
21645
21693
21740
21798
21909
21916
21916
21928
21962
21993
22006
22050
22069
22123
22126
22208
22278
22289
22293
22311
22343
22366
22424
22441
22449
22458
22515
22552
22563
22576
22604
22608
22609
22610
22652
22667
22670
22729
22750
22792
22816
22850
22890
22894
22953
23015
23085
23112
23144
23159
23173
23267
23271
23303
23305
23342
23344
23362
23379
23427
23512
23562
23580
23587
23595
23614
23636
23666
23675
23714
23746
23790
23797
23863
23866
23901
23942
23984
24005
24025
24150
24194
24292
24334
24358
24399
24432
24518
24524
24536
24542
24575
24632
24700
24708
24717
24791
24818
24830
24836
24965
24971
24977
24988
24992
24994
25003
25061
25082
25109
25165
25186
25189
25197
25215
25243
25282
25313
25320
25334
25373
25374
25390
25442
25467
25533
25559
25583
25644
25653
25682
25690
25701
25702
25712
25748
25771
25791
25811
25821
25823
25889
25945
25966
25979
25998
26073
26092
26102
26124
26160
26267
26287
26295
26302
26307
26341
26341
26377
26378
26414
26432
26466
26501
26516
26560
26565
26566
26567
26719
26774
26804
26820
26893
26976
27017
27043
27074
27135
27140
27146
27154
27180
27255
27259
27432
27515
27525
27534
27542
27584
27588
27632
27650
27693
27737
27749
27754
27759
27770
27779
27816
27822
27859
27928
27962
27976
27985
27992
27993
28023
28049
28076
28159
28177
28180
28217
28283
28307
28323
28331
28372
28387
28404
28422
28469
28511
28565
28566
28674
28715
28752
28767
28770
28822
28861
28863
28892
28910
28928
28938
28965
28997
29113
29148
29195
29249
29285
29308
29409
29438
29530
29585
29599
29614
29627
29704
29710
29764
29775
29776
29849
29891
29940
29973
29978
29993
30057
30069
30072
30182
30188
30194
30304
30432
30519
30534
30589
30645
30658
30729
30730
30737
30765
30778
30823
30827
30917
30920
30934
30967
30975
31003
31043
31112
31155
31163
31196
31201
31230
31255
31307
31365
31372
31375
31422
31425
31478
31551
31557
31581
31611
31731
31782
31789
31841
31844
31845
31983
32023
32023
32048
32063
32077
32088
32160
32190
32214
32216
32271
32275
32303
32304
32326
32350
32354
32359
32389
32470
32484
32497
32508
32555
32578
32594
32598
32616
32629
32632
32664
32685
32698
32765
Total time for Sort function is :0
