141
270
303
398
982
1103
2518
2645
2649
2721
3272
3770
4546
5633
6204
6309
6559
7443
8175
8300
8594
8845
9233
9326
9363
9429
9452
10578
11020
11390
11467
11774
11784
11821
12141
12665
12678
12955
13466
13668
14213
14651
15364
16436
16683
16721
16799
17243
18376
18455
18504
18555
19070
19271
19930
20445
20894
21094
21128
21365
22208
22458
22609
22670
23112
24005
25186
25197
25243
25644
25653
25748
25791
26073
26307
26414
26560
26566
26567
27017
27140
27770
27993
28938
29195
29627
29849
30072
30589
30645
31112
31230
31307
31375
31731
32190
32275
32359
32389
32594
Total time for Sort function is :0
