16721
2518
27017
17243
7443
9363
12678
15364
30072
14213
31375
22670
16683
22458
23112
6559
31112
26414
141
11821
5633
12955
11774
8175
22208
8594
29627
9233
8845
11467
8300
25644
31731
3770
32389
21365
20894
25186
18376
25653
11784
9326
29195
12665
2645
19070
14651
28938
18555
25791
2721
16799
6309
32190
13668
10578
19930
11390
1103
22609
26073
3272
9429
982
18504
4546
32594
27993
270
26307
25748
27140
31230
21094
13466
32359
30645
20445
25243
25197
24005
21128
31307
398
32275
26566
2649
19271
30589
11020
6204
26567
26560
16436
303
9452
29849
18455
27770
12141
